Equation,s1,s2,s3,s4,s5,s6,s7,ess,esslat
wood,0.000532154,0.000110258,0.000725365,3.37919E-05,8.13502E-05,0.000143409,0.001286334,Balsam Fir,AbiesBalsamea
bark,0.000110258,8.63138E-05,0.000210906,-4.39E-06,-0.000493414,-0.00023423,0.000283761,Balsam Fir,AbiesBalsamea
stem,0.000725365,0.000210906,0.00104867,3.63912E-05,-0.000357327,-4.01061E-05,0.001791572,Balsam Fir,AbiesBalsamea
branches,3.37919E-05,-4.39E-06,3.63912E-05,0.000406191,0.00318726,0.002848884,0.001034359,Balsam Fir,AbiesBalsamea
foliage,8.13502E-05,-0.000493414,-0.000357327,0.00318726,0.123045738,0.054988401,0.018655494,Balsam Fir,AbiesBalsamea
crown,0.000143409,-0.00023423,-4.01061E-05,0.002848884,0.054988401,0.031872993,0.011004678,Balsam Fir,AbiesBalsamea
total,0.001286334,0.000283761,0.001791572,0.001034359,0.018655494,0.011004678,0.007298657,Balsam Fir,AbiesBalsamea
wood,0.036391581,0.002348062,0.022367142,0.001511791,0.001514324,0.001008984,0.027329851,Balsam Poplar,PopulusBalsamifera
bark,0.002348062,0.003248087,0.003230096,-0.00014081,-0.000268185,-9.36884E-05,0.002531325,Balsam Poplar,PopulusBalsamifera
stem,0.022367142,0.003230096,0.01492778,0.000832915,0.000722882,0.00056343,0.017447051,Balsam Poplar,PopulusBalsamifera
branches,0.001511791,-0.00014081,0.000832915,0.000315744,0.000305092,0.000217093,0.001939758,Balsam Poplar,PopulusBalsamifera
foliage,0.001514324,-0.000268185,0.000722882,0.000305092,0.000999272,0.000275918,0.002055019,Balsam Poplar,PopulusBalsamifera
crown,0.001008984,-9.36884E-05,0.00056343,0.000217093,0.000275918,0.00016231,0.001337018,Balsam Poplar,PopulusBalsamifera
total,0.027329851,0.002531325,0.017447051,0.001939758,0.002055019,0.001337018,0.024092664,Balsam Poplar,PopulusBalsamifera
wood,0.052949786,0.019118413,0.10376533,-0.001257603,-0.004619604,-0.0026051,0.070252224,Black Ash,FraxinusNigra
bark,0.019118413,0.017278923,0.046581538,-0.000316204,-0.001848106,-0.000685154,0.033290247,Black Ash,FraxinusNigra
stem,0.10376533,0.046581538,0.213173771,-0.002151163,-0.008445228,-0.00445264,0.146106957,Black Ash,FraxinusNigra
branches,-0.001257603,-0.000316204,-0.002151163,0.001655204,0.003777308,0.003100712,0.005809792,Black Ash,FraxinusNigra
foliage,-0.004619604,-0.001848106,-0.008445228,0.003777308,0.010706396,0.007370158,0.011897216,Black Ash,FraxinusNigra
crown,-0.0026051,-0.000685154,-0.00445264,0.003100712,0.007370158,0.005857922,0.010785162,Black Ash,FraxinusNigra
total,0.070252224,0.033290247,0.146106957,0.005809792,0.011897216,0.010785162,0.134870458,Black Ash,FraxinusNigra
wood,0.130164536,0.015275039,0.14935775,0.005438656,0.014454044,0.005325077,0.148217258,Black Cherry,PrunusSerotina
bark,0.015275039,0.012527941,0.025462925,0.000760682,-4.4814E-05,0.000728047,0.024538117,Black Cherry,PrunusSerotina
stem,0.14935775,0.025462925,0.177256939,0.006293,0.015377496,0.006161725,0.175323109,Black Cherry,PrunusSerotina
branches,0.005438656,0.000760682,0.006293,0.003556537,0.003316226,0.003299795,0.02144387,Black Cherry,PrunusSerotina
foliage,0.014454044,-4.4814E-05,0.015377496,0.003316226,0.020468671,0.004041141,0.035804107,Black Cherry,PrunusSerotina
crown,0.005325077,0.000728047,0.006161725,0.003299795,0.004041141,0.003154461,0.020967761,Black Cherry,PrunusSerotina
total,0.148217258,0.024538117,0.175323109,0.02144387,0.035804107,0.020967761,0.25728476,Black Cherry,PrunusSerotina
wood,0.00060053,6.08099E-05,0.00071711,8.00577E-05,0.000231238,0.000244879,0.001470966,Black Spruce,PiceaMariana
bark,6.08099E-05,7.34043E-05,0.000128045,6.76E-06,-8.32395E-05,-2.74116E-05,0.00020114,Black Spruce,PiceaMariana
stem,0.00071711,0.000128045,0.000902358,9.50993E-05,0.000192218,0.000252959,0.001807046,Black Spruce,PiceaMariana
branches,8.00577E-05,6.76E-06,9.50993E-05,0.000858436,0.001691931,0.002257585,0.00197128,Black Spruce,PiceaMariana
foliage,0.000231238,-8.32395E-05,0.000192218,0.001691931,0.009659806,0.007914184,0.006750925,Black Spruce,PiceaMariana
crown,0.000244879,-2.74116E-05,0.000252959,0.002257585,0.007914184,0.007905396,0.006822084,Black Spruce,PiceaMariana
total,0.001470966,0.00020114,0.001807046,0.00197128,0.006750925,0.006822084,0.009257772,Black Spruce,PiceaMariana
wood,0.007980417,0.000401812,0.007464366,0.001105372,0.000610068,0.002417238,0.025631956,Eastern Hemlock,TsugaCanadensis
bark,0.000401812,0.000114033,0.000577223,4.43584E-05,3.55078E-05,0.000105175,0.001599889,Eastern Hemlock,TsugaCanadensis
stem,0.007464366,0.000577223,0.007426612,0.001028945,0.000568977,0.0022362,0.024709808,Eastern Hemlock,TsugaCanadensis
branches,0.001105372,4.43584E-05,0.001028945,0.002475793,0.00078925,0.004569319,0.012067522,Eastern Hemlock,TsugaCanadensis
foliage,0.000610068,3.55078E-05,0.000568977,0.00078925,0.000795643,0.002160619,0.005564639,Eastern Hemlock,TsugaCanadensis
crown,0.002417238,0.000105175,0.0022362,0.004569319,0.002160619,0.009412355,0.025019812,Eastern Hemlock,TsugaCanadensis
total,0.025631956,0.001599889,0.024709808,0.012067522,0.005564639,0.025019812,0.121647536,Eastern Hemlock,TsugaCanadensis
wood,0.001322258,0.00039387,0.001293404,0.000371791,0.000471556,0.000986188,0.003377209,Eastern White Cedar,ThujaOccidentalis
bark,0.00039387,0.00074358,0.000554842,0.000185902,0.00033831,0.000611736,0.001621807,Eastern White Cedar,ThujaOccidentalis
stem,0.001293404,0.000554842,0.001316446,0.000390461,0.00051791,0.001059774,0.003471675,Eastern White Cedar,ThujaOccidentalis
branches,0.000371791,0.000185902,0.000390461,0.002317031,0.0016332,0.004754579,0.00410989,Eastern White Cedar,ThujaOccidentalis
foliage,0.000471556,0.00033831,0.00051791,0.0016332,0.001781758,0.00405738,0.003949674,Eastern White Cedar,ThujaOccidentalis
crown,0.000986188,0.000611736,0.001059774,0.004754579,0.00405738,0.010560286,0.009594821,Eastern White Cedar,ThujaOccidentalis
total,0.003377209,0.001621807,0.003471675,0.00410989,0.003949674,0.009594821,0.014017529,Eastern White Cedar,ThujaOccidentalis
wood,0.000329119,3.07946E-05,0.000308913,1.14959E-05,0.00051441,0.000137461,0.001632393,Eastern White Pine,PinusStrobus
bark,3.07946E-05,5.35957E-05,5.71815E-05,-4.19E-06,-3.49115E-05,-4.58205E-05,0.00021767,Eastern White Pine,PinusStrobus
stem,0.000308913,5.71815E-05,0.000306649,8.08E-06,0.000428482,9.50857E-05,0.001548409,Eastern White Pine,PinusStrobus
branches,1.14959E-05,-4.19E-06,8.08E-06,3.07855E-05,0.000541344,0.000289074,0.000311168,Eastern White Pine,PinusStrobus
foliage,0.00051441,-3.49115E-05,0.000428482,0.000541344,0.045458656,0.00938475,0.011350892,Eastern White Pine,PinusStrobus
crown,0.000137461,-4.58205E-05,9.50857E-05,0.000289074,0.00938475,0.003541097,0.00390074,Eastern White Pine,PinusStrobus
total,0.001632393,0.00021767,0.001548409,0.000311168,0.011350892,0.00390074,0.011861857,Eastern White Pine,PinusStrobus
wood,0.000319684,3.22985E-05,0.000965021,6.9379E-05,4.40331E-05,0.000101938,0.000867801,Grey Birch,BetulaPopulifolia
bark,3.22985E-05,8.25749E-05,0.000270186,8.72789E-05,0.000129101,0.000159453,0.00038891,Grey Birch,BetulaPopulifolia
stem,0.000965021,0.000270186,0.003454409,0.000377403,0.00044997,0.000646077,0.003394687,Grey Birch,BetulaPopulifolia
branches,6.9379E-05,8.72789E-05,0.000377403,0.000509585,0.000541421,0.000844686,0.001244218,Grey Birch,BetulaPopulifolia
foliage,4.40331E-05,0.000129101,0.00044997,0.000541421,0.000811069,0.000980231,0.001451227,Grey Birch,BetulaPopulifolia
crown,0.000101938,0.000159453,0.000646077,0.000844686,0.000980231,0.001434562,0.002116177,Grey Birch,BetulaPopulifolia
total,0.000867801,0.00038891,0.003394687,0.001244218,0.001451227,0.002116177,0.005010634,Grey Birch,BetulaPopulifolia
wood,0.000117447,6.99192E-05,0.000208502,3.7979E-05,6.75747E-05,9.68726E-05,0.001278208,Lodgepole Pine,PinusContorta
bark,6.99192E-05,0.000330219,0.000185808,8.22248E-05,6.73799E-05,0.000185005,0.001325209,Lodgepole Pine,PinusContorta
stem,0.000208502,0.000185808,0.000386664,8.13577E-05,0.000134208,0.000205322,0.002456033,Lodgepole Pine,PinusContorta
branches,3.7979E-05,8.22248E-05,8.13577E-05,0.00064682,0.000835698,0.001569557,0.002854537,Lodgepole Pine,PinusContorta
foliage,6.75747E-05,6.73799E-05,0.000134208,0.000835698,0.005041302,0.003581419,0.006232755,Lodgepole Pine,PinusContorta
crown,9.68726E-05,0.000185005,0.000205322,0.001569557,0.003581419,0.004453487,0.007974004,Lodgepole Pine,PinusContorta
total,0.001278208,0.001325209,0.002456033,0.002854537,0.006232755,0.007974004,0.027282948,Lodgepole Pine,PinusContorta
wood,0.00588877,0.000105994,0.007246105,3.01968E-05,-0.001623539,-0.000575126,0.001518361,Red Pine,PinusResinosa
bark,0.000105994,0.000120006,0.000307346,4.5117E-05,0.000407089,0.000511353,0.000103914,Red Pine,PinusResinosa
stem,0.007246105,0.000307346,0.009188562,0.000101255,-0.001344856,7.08643E-05,0.001972876,Red Pine,PinusResinosa
branches,3.01968E-05,4.5117E-05,0.000101255,0.000170475,0.00156412,0.001934864,0.00018779,Red Pine,PinusResinosa
foliage,-0.001623539,0.000407089,-0.001344856,0.00156412,0.052247444,0.03045405,0.002220822,Red Pine,PinusResinosa
crown,-0.000575126,0.000511353,7.08643E-05,0.001934864,0.03045405,0.026958439,0.002163767,Red Pine,PinusResinosa
total,0.001518361,0.000103914,0.001972876,0.00018779,0.002220822,0.002163767,0.000801454,Red Pine,PinusResinosa
wood,0.004354021,0.000888891,0.009529781,0.000388086,0.008565254,0.000289749,0.005501773,Silver Maple,AcerSaccharinum
bark,0.000888891,0.000835429,0.00256996,0.000304556,0.011098615,0.000226127,0.002038778,Silver Maple,AcerSaccharinum
stem,0.009529781,0.00256996,0.021784153,0.001068842,0.025390362,0.000775687,0.012847222,Silver Maple,AcerSaccharinum
branches,0.000388086,0.000304556,0.001068842,0.000744674,0.010033521,0.00049876,0.002636389,Silver Maple,AcerSaccharinum
foliage,0.008565254,0.011098615,0.025390362,0.010033521,0.509851278,0.008822452,0.047290928,Silver Maple,AcerSaccharinum
crown,0.000289749,0.000226127,0.000775687,0.00049876,0.008822452,0.000388893,0.001886226,Silver Maple,AcerSaccharinum
total,0.005501773,0.002038778,0.012847222,0.002636389,0.047290928,0.001886226,0.013788063,Silver Maple,AcerSaccharinum
wood,0.046599069,0.013830475,0.076955212,-0.001673548,-0.000863372,-0.001876843,0.056824208,Sugar Maple,AcerSaccharum
bark,0.013830475,0.014588646,0.030289726,-0.002439831,-0.002594685,-0.00254008,0.016128423,Sugar Maple,AcerSaccharum
stem,0.076955212,0.030289726,0.132706057,-0.003987404,-0.002834028,-0.004283036,0.093828414,Sugar Maple,AcerSaccharum
branches,-0.001673548,-0.002439831,-0.003987404,0.004232234,0.003560819,0.004302449,0.010494104,Sugar Maple,AcerSaccharum
foliage,-0.000863372,-0.002594685,-0.002834028,0.003560819,0.007591144,0.004740808,0.011724482,Sugar Maple,AcerSaccharum
crown,-0.001876843,-0.00254008,-0.004283036,0.004302449,0.004740808,0.004762113,0.011063566,Sugar Maple,AcerSaccharum
total,0.056824208,0.016128423,0.093828414,0.010494104,0.011724482,0.011063566,0.112638332,Sugar Maple,AcerSaccharum
wood,0.000588376,0.000101937,0.000688268,2.35249E-05,0.000528766,0.000148634,0.001229731,Tamarack Larch,LarixLaricina
bark,0.000101937,0.000100569,0.000151499,6.72E-06,1.98137E-05,1.15233E-05,0.000250808,Tamarack Larch,LarixLaricina
stem,0.000688268,0.000151499,0.000818733,2.83988E-05,0.000587607,0.000166218,0.001454035,Tamarack Larch,LarixLaricina
branches,2.35249E-05,6.72E-06,2.83988E-05,0.000238882,0.00066208,0.000688747,0.000523589,Tamarack Larch,LarixLaricina
foliage,0.000528766,1.98137E-05,0.000587607,0.00066208,0.011410706,0.004100743,0.003942971,Tamarack Larch,LarixLaricina
crown,0.000148634,1.15233E-05,0.000166218,0.000688747,0.004100743,0.002592386,0.002105001,Tamarack Larch,LarixLaricina
total,0.001229731,0.000250808,0.001454035,0.000523589,0.003942971,0.002105001,0.004270565,Tamarack Larch,LarixLaricina
wood,0.000357735,9.69706E-05,0.000549428,1.07438E-05,-0.000125676,-1.74937E-05,0.000702445,White Birch,BetulaPapyrifera
bark,9.69706E-05,8.86409E-05,0.000198503,-8.53E-06,-0.000132008,-5.72964E-05,0.00021823,White Birch,BetulaPapyrifera
stem,0.000549428,0.000198503,0.000886829,4.08E-06,-0.000256657,-6.97798E-05,0.001108068,White Birch,BetulaPapyrifera
branches,1.07438E-05,-8.53E-06,4.08E-06,0.000133569,0.000646772,0.000511434,0.00036385,White Birch,BetulaPapyrifera
foliage,-0.000125676,-0.000132008,-0.000256657,0.000646772,0.013464584,0.00395826,0.002461439,White Birch,BetulaPapyrifera
crown,-1.74937E-05,-5.72964E-05,-6.97798E-05,0.000511434,0.00395826,0.002294688,0.001513217,White Birch,BetulaPapyrifera
total,0.000702445,0.00021823,0.001108068,0.00036385,0.002461439,0.001513217,0.002514903,White Birch,BetulaPapyrifera
wood,0.003755675,0.00078702,0.00972364,0.001286885,0.000652657,0.001998327,0.009753592,White Oak,QuercusAlba
bark,0.00078702,0.003524847,0.003769587,0.000804076,0.000115932,0.001334537,0.004126664,White Oak,QuercusAlba
stem,0.00972364,0.003769587,0.026641222,0.003536403,0.001723563,0.00558626,0.026650872,White Oak,QuercusAlba
branches,0.001286885,0.000804076,0.003536403,0.003836787,0.001218464,0.00588454,0.007796805,White Oak,QuercusAlba
foliage,0.000652657,0.000115932,0.001723563,0.001218464,0.001476445,0.002162188,0.003249159,White Oak,QuercusAlba
crown,0.001998327,0.001334537,0.00558626,0.00588454,0.002162188,0.009499422,0.012500202,White Oak,QuercusAlba
total,0.009753592,0.004126664,0.026650872,0.007796805,0.003249159,0.012500202,0.032434549,White Oak,QuercusAlba
wood,0.000444006,4.45458E-05,0.000434149,4.05E-06,0.000653823,0.000252738,0.001035436,White Spruce,PiceaGlauca
bark,4.45458E-05,4.20455E-05,7.31085E-05,1.28716E-05,5.8928E-05,8.07061E-05,0.00019277,White Spruce,PiceaGlauca
stem,0.000434149,7.31085E-05,0.000448713,1.49842E-05,0.000652146,0.000304241,0.001085427,White Spruce,PiceaGlauca
branches,4.05E-06,1.28716E-05,1.49842E-05,0.000449318,0.003456846,0.002704718,0.001006038,White Spruce,PiceaGlauca
foliage,0.000653823,5.8928E-05,0.000652146,0.003456846,0.126009806,0.04622594,0.017989096,White Spruce,PiceaGlauca
crown,0.000252738,8.07061E-05,0.000304241,0.002704718,0.04622594,0.023924443,0.009364387,White Spruce,PiceaGlauca
total,0.001035436,0.00019277,0.001085427,0.001006038,0.017989096,0.009364387,0.006167322,White Spruce,PiceaGlauca
wood,0.00203144,0.000104649,0.002400089,0.000206072,0.000840148,0.000399494,0.00217348,feuillu,Broadleaved
bark,0.000104649,0.000120346,0.00024734,-2.30939E-05,-7.07531E-05,-4.9419E-05,0.000129126,feuillu,Broadleaved
stem,0.002400089,0.00024734,0.002971805,0.000205477,0.000888024,0.000396873,0.002581536,feuillu,Broadleaved
branches,0.000206072,-2.30939E-05,0.000205477,0.000163596,0.000630809,0.000314918,0.000493669,feuillu,Broadleaved
foliage,0.000840148,-7.07531E-05,0.000888024,0.000630809,0.00890012,0.00166888,0.002459171,feuillu,Broadleaved
crown,0.000399494,-4.9419E-05,0.000396873,0.000314918,0.00166888,0.000665684,0.001014205,feuillu,Broadleaved
total,0.00217348,0.000129126,0.002581536,0.000493669,0.002459171,0.001014205,0.003147742,feuillu,Broadleaved
wood,0.000286732,2.86208E-05,0.000402122,5.24505E-05,0.000112265,0.000174365,0.000703535,resineux,Coniferous
bark,2.86208E-05,5.61926E-05,7.78157E-05,1.46542E-05,6.69993E-05,6.12936E-05,0.000148197,resineux,Coniferous
stem,0.000402122,7.78157E-05,0.000593779,8.09659E-05,0.000197303,0.000279554,0.001054024,resineux,Coniferous
branches,5.24505E-05,1.46542E-05,8.09659E-05,0.00028556,0.000718293,0.000955205,0.000620137,resineux,Coniferous
foliage,0.000112265,6.69993E-05,0.000197303,0.000718293,0.008324645,0.005251598,0.003081082,resineux,Coniferous
crown,0.000174365,6.12936E-05,0.000279554,0.000955205,0.005251598,0.004553695,0.002832755,resineux,Coniferous
total,0.000703535,0.000148197,0.001054024,0.000620137,0.003081082,0.002832755,0.003305232,resineux,Coniferous
wood,0.000341127,3.03815E-05,0.000382186,7.33448E-05,-0.000153523,0.000280871,0.000613036,all,Any
bark,3.03815E-05,2.11647E-05,5.43201E-05,6.77E-06,-5.99249E-05,2.47845E-05,8.04975E-05,all,Any
stem,0.000382186,5.43201E-05,0.000450577,8.25777E-05,-0.000227385,0.000315935,0.000716078,all,Any
branches,7.33448E-05,6.77E-06,8.25777E-05,0.00010257,0.000166356,0.000403089,0.000294126,all,Any
foliage,-0.000153523,-5.99249E-05,-0.000227385,0.000166356,0.01266205,0.002437242,0.000909433,all,Any
crown,0.000280871,2.47845E-05,0.000315935,0.000403089,0.002437242,0.002149241,0.00140852,all,Any
total,0.000613036,8.04975E-05,0.000716078,0.000294126,0.000909433,0.00140852,0.001669652,all,Any
wood,0.000784516,5.0334E-05,0.000688549,0.00043628,0.000953788,0.0013042,0.003859109,Alpine Fir,AbiesLasiocarpa
bark,5.0334E-05,9.05806E-05,0.000146682,-6.25175E-05,-0.000106855,-0.00015809,0.000146052,Alpine Fir,AbiesLasiocarpa
stem,0.000688549,0.000146682,0.000727625,0.000276595,0.000642278,0.000863747,0.003212489,Alpine Fir,AbiesLasiocarpa
branches,0.00043628,-6.25175E-05,0.000276595,0.000860475,0.002045985,0.002617321,0.004557569,Alpine Fir,AbiesLasiocarpa
foliage,0.000953788,-0.000106855,0.000642278,0.002045985,0.006541514,0.007172322,0.011997423,Alpine Fir,AbiesLasiocarpa
crown,0.0013042,-0.00015809,0.000863747,0.002617321,0.007172322,0.008509131,0.014571898,Alpine Fir,AbiesLasiocarpa
total,0.003859109,0.000146052,0.003212489,0.004557569,0.011997423,0.014571898,0.031290681,Alpine Fir,AbiesLasiocarpa
wood,0.000206555,0.00010957,0.000188909,8.13328E-05,0.000229091,0.000124856,0.000548245,Basswood,TiliaAmericana
bark,0.00010957,0.000978103,0.00020586,0.000142553,0.000577151,0.000216414,0.000691107,Basswood,TiliaAmericana
stem,0.000188909,0.00020586,0.000189294,9.62014E-05,0.000296537,0.00014772,0.000564391,Basswood,TiliaAmericana
branches,8.13328E-05,0.000142553,9.62014E-05,0.00038401,0.000514442,0.000444587,0.000636898,Basswood,TiliaAmericana
foliage,0.000229091,0.000577151,0.000296537,0.000514442,0.00298086,0.00087706,0.001439221,Basswood,TiliaAmericana
crown,0.000124856,0.000216414,0.00014772,0.000444587,0.00087706,0.000557794,0.000850344,Basswood,TiliaAmericana
total,0.000548245,0.000691107,0.000564391,0.000636898,0.001439221,0.000850344,0.002094483,Basswood,TiliaAmericana
wood,0.029944243,0.001135274,0.025200734,0.004343855,0.017754487,0.015550617,0.060480831,Beech,FagusGrandifolia
bark,0.001135274,0.000213537,0.001149176,-0.000105248,-0.000475368,-0.00024889,0.002035428,Beech,FagusGrandifolia
stem,0.025200734,0.001149176,0.021454726,0.003250107,0.013261731,0.011807568,0.050274981,Beech,FagusGrandifolia
branches,0.004343855,-0.000105248,0.003250107,0.011623258,0.039253594,0.036800724,0.031372242,Beech,FagusGrandifolia
foliage,0.017754487,-0.000475368,0.013261731,0.039253594,0.231761798,0.132797658,0.115813093,Beech,FagusGrandifolia
crown,0.015550617,-0.00024889,0.011807568,0.036800724,0.132797658,0.118617674,0.103346095,Beech,FagusGrandifolia
total,0.060480831,0.002035428,0.050274981,0.031372242,0.115813093,0.103346095,0.170179884,Beech,FagusGrandifolia
wood,0.040103368,0.007320017,0.064739496,-0.001479759,0.016336721,0.004040535,0.116983188,Eastern Red Cedar,JuniperusVirginiana
bark,0.007320017,0.009927907,0.016517116,-0.000445158,0.017794572,0.020338426,0.050201408,Eastern Red Cedar,JuniperusVirginiana
stem,0.064739496,0.016517116,0.107232405,-0.003100572,0.033613745,0.012304684,0.200403682,Eastern Red Cedar,JuniperusVirginiana
branches,-0.001479759,-0.000445158,-0.003100572,0.013548937,0.005825349,0.088963126,0.080501714,Eastern Red Cedar,JuniperusVirginiana
foliage,0.016336721,0.017794572,0.033613745,0.005825349,0.160071765,0.207742623,0.264958189,Eastern Red Cedar,JuniperusVirginiana
crown,0.004040535,0.020338426,0.012304684,0.088963126,0.207742623,0.814232702,0.814194499,Eastern Red Cedar,JuniperusVirginiana
total,0.116983188,0.050201408,0.200403682,0.080501714,0.264958189,0.814194499,1.146008416,Eastern Red Cedar,JuniperusVirginiana
wood,0.003136441,0.000577043,0.00421013,0.000532578,0.000134438,0.000438126,0.00521066,Hickory,CaryaSp
bark,0.000577043,0.000638615,0.001085642,-0.000324217,-0.000204843,-0.000212019,0.000568869,Hickory,CaryaSp
stem,0.00421013,0.001085642,0.0058377,0.000470288,3.978E-05,0.000415902,0.006775359,Hickory,CaryaSp
branches,0.000532578,-0.000324217,0.000470288,0.004426979,0.001615788,0.003225638,0.007668836,Hickory,CaryaSp
foliage,0.000134438,-0.000204843,3.978E-05,0.001615788,0.002524755,0.00139271,0.003026391,Hickory,CaryaSp
crown,0.000438126,-0.000212019,0.000415902,0.003225638,0.00139271,0.002401773,0.005695481,Hickory,CaryaSp
total,0.00521066,0.000568869,0.006775359,0.007668836,0.003026391,0.005695481,0.019522488,Hickory,CaryaSp
wood,7.476798065,1.290017854,0.152958413,0.780150543,-0.372414864,0.413739671,10.2851745,Hop-Hornbeam,OstryaVirginiana
bark,1.290017854,0.349556548,0.028085963,0.142509126,-0.04757987,0.096838843,1.944799715,Hop-Hornbeam,OstryaVirginiana
stem,0.152958413,0.028085963,0.003508261,0.011956539,-0.003461418,0.008676425,0.212544626,Hop-Hornbeam,OstryaVirginiana
branches,0.780150543,0.142509126,0.011956539,0.573496744,0.131272036,0.725282838,1.827256039,Hop-Hornbeam,OstryaVirginiana
foliage,-0.372414864,-0.04757987,-0.003461418,0.131272036,0.20433519,0.347230852,-0.091732233,Hop-Hornbeam,OstryaVirginiana
crown,0.413739671,0.096838843,0.008676425,0.725282838,0.347230852,1.105660557,1.780612785,Hop-Hornbeam,OstryaVirginiana
total,10.2851745,1.944799715,0.212544626,1.827256039,-0.091732233,1.780612785,15.66287720,Hop-Hornbeam,OstryaVirginiana
wood,0.000986727,4.30512E-05,0.001002637,7.44013E-05,0.000402102,0.000347661,0.001463541,Jack Pine,PinusBanksiana
bark,4.30512E-05,2.75703E-05,6.57411E-05,8.27E-06,4.20207E-05,3.72447E-05,0.000106307,Jack Pine,PinusBanksiana
stem,0.001002637,6.57411E-05,0.00103775,8.0048E-05,0.000428008,0.000371935,0.001523604,Jack Pine,PinusBanksiana
branches,7.44013E-05,8.27E-06,8.0048E-05,5.84442E-05,0.000192099,0.000232794,0.000281177,Jack Pine,PinusBanksiana
foliage,0.000402102,4.20207E-05,0.000428008,0.000192099,0.001480856,0.001046265,0.001332005,Jack Pine,PinusBanksiana
crown,0.000347661,3.72447E-05,0.000371935,0.000232794,0.001046265,0.001036924,0.001263835,Jack Pine,PinusBanksiana
total,0.001463541,0.000106307,0.001523604,0.000281177,0.001332005,0.001263835,0.002814064,Jack Pine,PinusBanksiana
wood,7.33487E-05,8.49777E-05,0.0002505,8.76E-06,3.53405E-05,8.76E-06,0.000184863,Largetooth Aspen,PopulusGrandidentata
bark,8.49777E-05,0.002873224,0.001016988,-7.96E-06,-0.000157597,-1.41997E-05,0.000593309,Largetooth Aspen,PopulusGrandidentata
stem,0.0002505,0.001016988,0.001091849,3.13691E-05,7.08989E-05,2.88128E-05,0.000761962,Largetooth Aspen,PopulusGrandidentata
branches,8.76E-06,-7.96E-06,3.13691E-05,1.43605E-05,2.33711E-05,1.17149E-05,4.81388E-05,Largetooth Aspen,PopulusGrandidentata
foliage,3.53405E-05,-0.000157597,7.08989E-05,2.33711E-05,0.000151299,2.93745E-05,0.000121385,Largetooth Aspen,PopulusGrandidentata
crown,8.76E-06,-1.41997E-05,2.88128E-05,1.17149E-05,2.93745E-05,1.08549E-05,4.45083E-05,Largetooth Aspen,PopulusGrandidentata
total,0.000184863,0.000593309,0.000761962,4.81388E-05,0.000121385,4.45083E-05,0.00059578,Largetooth Aspen,PopulusGrandidentata
wood,0.009703559,0.002355477,0.012088697,0.001267395,0.029651786,0.001093752,0.010223318,Red Ash,FraxinusPennsylvanica
bark,0.002355477,0.001824393,0.003696424,-0.000693212,-0.005932409,-0.000593993,0.002564626,Red Ash,FraxinusPennsylvanica
stem,0.012088697,0.003696424,0.015526558,0.000977774,0.029486195,0.000844645,0.012791376,Red Ash,FraxinusPennsylvanica
branches,0.001267395,-0.000693212,0.000977774,0.014120708,0.11894573,0.010719258,0.006554899,Red Ash,FraxinusPennsylvanica
foliage,0.029651786,-0.005932409,0.029486195,0.11894573,2.803261827,0.106364376,0.080981837,Red Ash,FraxinusPennsylvanica
crown,0.001093752,-0.000593993,0.000844645,0.010719258,0.106364376,0.008404401,0.005246209,Red Ash,FraxinusPennsylvanica
total,0.010223318,0.002564626,0.012791376,0.006554899,0.080981837,0.005246209,0.013041281,Red Ash,FraxinusPennsylvanica
wood,0.00596013,0.000467132,0.006662379,-0.000156513,-0.000171998,-0.000105172,0.002926342,Red Maple,AcerRubrum
bark,0.000467132,9.47105E-05,0.000625973,-9.22494E-05,9.40147E-05,-8.77283E-05,0.000276136,Red Maple,AcerRubrum
stem,0.006662379,0.000625973,0.007636121,-0.000328697,-4.71651E-05,-0.000276099,0.003345983,Red Maple,AcerRubrum
branches,-0.000156513,-9.22494E-05,-0.000328697,0.004621125,0.006918206,0.006025978,0.001259092,Red Maple,AcerRubrum
foliage,-0.000171998,9.40147E-05,-4.71651E-05,0.006918206,0.026303693,0.010739734,0.00282749,Red Maple,AcerRubrum
crown,-0.000105172,-8.77283E-05,-0.000276099,0.006025978,0.010739734,0.008114033,0.001834952,Red Maple,AcerRubrum
total,0.002926342,0.000276136,0.003345983,0.001259092,0.00282749,0.001834952,0.00203329,Red Maple,AcerRubrum
wood,0.025458827,0.000854876,0.034738152,0.001116624,0.000625664,0.001335158,0.031281226,Red Oak,QuercusRubra
bark,0.000854876,0.001308815,0.003654336,-0.000390298,0.000167271,-0.000373889,0.001825538,Red Oak,QuercusRubra
stem,0.034738152,0.003654336,0.052444633,0.00065126,0.001132791,0.000955128,0.044159484,Red Oak,QuercusRubra
branches,0.001116624,-0.000390298,0.00065126,0.002085289,0.000258402,0.002321203,0.007437839,Red Oak,QuercusRubra
foliage,0.000625664,0.000167271,0.001132791,0.000258402,0.000792231,0.00047736,0.002469626,Red Oak,QuercusRubra
crown,0.001335158,-0.000373889,0.000955128,0.002321203,0.00047736,0.002639963,0.008676552,Red Oak,QuercusRubra
total,0.031281226,0.001825538,0.044159484,0.007437839,0.002469626,0.008676552,0.061771594,Red Oak,QuercusRubra
wood,0.000747603,2.80358E-05,0.001909616,0.000179503,0.000157721,0.000177535,0.003381836,Red Spruce,PiceaRubens
bark,2.80358E-05,3.03284E-05,0.000148855,2.36384E-05,2.04453E-05,2.18502E-05,0.000301785,Red Spruce,PiceaRubens
stem,0.001909616,0.000148855,0.005158067,0.000498361,0.000418113,0.000473468,0.009214146,Red Spruce,PiceaRubens
branches,0.000179503,2.36384E-05,0.000498361,0.0003603,0.000247118,0.000302649,0.001862936,Red Spruce,PiceaRubens
foliage,0.000157721,2.04453E-05,0.000418113,0.000247118,0.000206382,0.000232118,0.001434154,Red Spruce,PiceaRubens
crown,0.000177535,2.18502E-05,0.000473468,0.000302649,0.000232118,0.000271536,0.00167026,Red Spruce,PiceaRubens
total,0.003381836,0.000301785,0.009214146,0.001862936,0.001434154,0.00167026,0.019578915,Red Spruce,PiceaRubens
wood,0.000136627,3.54653E-05,0.000197632,8.33E-07,0.000162306,3.89809E-05,0.000270489,Trembling Aspen,PopulusTremuloides
bark,3.54653E-05,3.36871E-05,7.29306E-05,4.45E-07,3.87186E-05,1.05477E-05,0.000100214,Trembling Aspen,PopulusTremuloides
stem,0.000197632,7.29306E-05,0.000305571,3.93E-06,0.000249418,6.67171E-05,0.000421611,Trembling Aspen,PopulusTremuloides
branches,8.33E-07,4.45E-07,3.93E-06,0.000338908,0.001860854,0.00121882,0.000290386,Trembling Aspen,PopulusTremuloides
foliage,0.000162306,3.87186E-05,0.000249418,0.001860854,0.023427963,0.008383725,0.002256149,Trembling Aspen,PopulusTremuloides
crown,3.89809E-05,1.05477E-05,6.67171E-05,0.00121882,0.008383725,0.004690915,0.001157371,Trembling Aspen,PopulusTremuloides
total,0.000270489,0.000100214,0.000421611,0.000290386,0.002256149,0.001157371,0.000851988,Trembling Aspen,PopulusTremuloides
wood,0.440843376,0.010905615,0.390784172,0.003798882,-0.015988178,0.007038328,0.12375334,White Ash,FraxinusAmericana
bark,0.010905615,0.001111542,0.012460604,-2.92551E-05,-9.47544E-05,-6.87221E-05,0.003756813,White Ash,FraxinusAmericana
stem,0.390784172,0.012460604,0.356080089,0.002941327,-0.012478357,0.005374342,0.112215689,White Ash,FraxinusAmericana
branches,0.003798882,-2.92551E-05,0.002941327,0.001710464,0.010525097,0.003404526,0.005438669,White Ash,FraxinusAmericana
foliage,-0.015988178,-9.47544E-05,-0.012478357,0.010525097,0.208175256,0.02331628,0.027762313,White Ash,FraxinusAmericana
crown,0.007038328,-6.87221E-05,0.005374342,0.003404526,0.02331628,0.006892568,0.010814934,White Ash,FraxinusAmericana
total,0.12375334,0.003756813,0.112215689,0.005438669,0.027762313,0.010814934,0.049127445,White Ash,FraxinusAmericana
wood,0.004759966,0.000852405,0.009258802,0.001025738,9.19578E-05,0.00094792,0.00997797,White Elm,UlmusAmericana
bark,0.000852405,0.001649425,0.003086818,-0.000263039,0.000112647,-0.000223418,0.002913386,White Elm,UlmusAmericana
stem,0.009258802,0.003086818,0.019864845,0.001570732,0.000228982,0.001399001,0.02084249,White Elm,UlmusAmericana
branches,0.001025738,-0.000263039,0.001570732,0.043477851,0.002818886,0.037347672,0.024000006,White Elm,UlmusAmericana
foliage,9.19578E-05,0.000112647,0.000228982,0.002818886,0.001676511,0.003127533,0.002201829,White Elm,UlmusAmericana
crown,0.00094792,-0.000223418,0.001399001,0.037347672,0.003127533,0.032442577,0.020964981,White Elm,UlmusAmericana
total,0.00997797,0.002913386,0.02084249,0.024000006,0.002201829,0.020964981,0.033683727,White Elm,UlmusAmericana
wood,0.461750873,0.021693496,0.58177056,0.001320384,0.086697485,0.02160026,0.526301858,Yellow Birch,BetulaAlleghaniensis
bark,0.021693496,0.009429201,0.045656744,-0.000146247,-0.00773976,-0.000906016,0.033921964,Yellow Birch,BetulaAlleghaniensis
stem,0.58177056,0.045656744,0.773760338,0.00136469,0.085247326,0.024186202,0.685822975,Yellow Birch,BetulaAlleghaniensis
branches,0.001320384,-0.000146247,0.00136469,0.000463409,0.008527795,0.003893819,0.011974582,Yellow Birch,BetulaAlleghaniensis
foliage,0.086697485,-0.00773976,0.085247326,0.008527795,0.572182953,0.09206413,0.328279241,Yellow Birch,BetulaAlleghaniensis
crown,0.02160026,-0.000906016,0.024186202,0.003893819,0.09206413,0.037753485,0.129714768,Yellow Birch,BetulaAlleghaniensis
total,0.526301858,0.033921964,0.685822975,0.011974582,0.328279241,0.129714768,0.952720022,Yellow Birch,BetulaAlleghaniensis
