EstType,Parameter,awood,bwood,abark,bbark,abranche,bbranche,afoliage,bfoliage,ess
SUR Esti,awood,0.0000215,-.0001229,0.0000077,-.0002143,0.0000002,-.0000070,-.0000050,0.0000546,Alpine Fir
SUR Esti,bwood,-.0001229,0.0007160,-.0000435,0.0012252,-.0000023,0.0000836,0.0000245,-.0002535,Alpine Fir
SUR Esti,abark,0.0000077,-.0000435,0.0000069,-.0001927,-.0000020,0.0000514,-.0000063,0.0000768,Alpine Fir
SUR Esti,bbark,-.0002143,0.0012252,-.0001927,0.0054685,0.0000571,-.0014914,0.0001785,-.0021977,Alpine Fir
SUR Esti,abranche,0.0000002,-.0000023,-.0000020,0.0000571,0.0000108,-.0002750,0.0000258,-.0003177,Alpine Fir
SUR Esti,bbranche,-.0000070,0.0000836,0.0000514,-.0014914,-.0002750,0.0071366,-.0006550,0.0082508,Alpine Fir
SUR Esti,afoliage,-.0000050,0.0000245,-.0000063,0.0001785,0.0000258,-.0006550,0.0000737,-.0009087,Alpine Fir
SUR Esti,bfoliage,0.0000546,-.0002535,0.0000768,-.0021977,-.0003177,0.0082508,-.0009087,0.0114516,Alpine Fir
SUR Esti,awood,0.0000028,-.0000168,0.0000004,-.0000117,-.0000001,0.0000024,-.0000013,0.0000045,Balsam Fir
SUR Esti,bwood,-.0000168,0.0001064,-.0000025,0.0000749,0.0000003,-.0000153,0.0000077,-.0000303,Balsam Fir
SUR Esti,abark,0.0000004,-.0000025,0.0000002,-.0000053,-.0000000,0.0000007,-.0000004,0.0000018,Balsam Fir
SUR Esti,bbark,-.0000117,0.0000749,-.0000053,0.0001614,0.0000005,-.0000309,0.0000133,-.0000578,Balsam Fir
SUR Esti,abranche,-.0000001,0.0000003,-.0000000,0.0000005,0.0000005,-.0000250,0.0000014,-.0000061,Balsam Fir
SUR Esti,bbranche,0.0000024,-.0000153,0.0000007,-.0000309,-.0000250,0.0012068,-.0000709,0.0003203,Balsam Fir
SUR Esti,afoliage,-.0000013,0.0000077,-.0000004,0.0000133,0.0000014,-.0000709,0.0000211,-.0000871,Balsam Fir
SUR Esti,bfoliage,0.0000045,-.0000303,0.0000018,-.0000578,-.0000061,0.0003203,-.0000871,0.0003965,Balsam Fir
SUR Esti,awood,0.0000106,-.0000650,0.0000029,-.0000299,0.0000020,-.0000518,0.0000007,-.0000088,Balsam Poplar
SUR Esti,bwood,-.0000650,0.0004221,-.0000169,0.0001794,-.0000120,0.0003286,-.0000046,0.0000639,Balsam Poplar
SUR Esti,abark,0.0000029,-.0000169,0.0000120,-.0001270,0.0000010,-.0000253,0.0000003,-.0000015,Balsam Poplar
SUR Esti,bbark,-.0000299,0.0001794,-.0001270,0.0014025,-.0000105,0.0002528,-.0000023,-.0000049,Balsam Poplar
SUR Esti,abranche,0.0000020,-.0000120,0.0000010,-.0000105,0.0000019,-.0000496,0.0000001,-.0000019,Balsam Poplar
SUR Esti,bbranche,-.0000518,0.0003286,-.0000253,0.0002528,-.0000496,0.0014168,-.0000043,0.0001254,Balsam Poplar
SUR Esti,afoliage,0.0000007,-.0000046,0.0000003,-.0000023,0.0000001,-.0000043,0.0000032,-.0000400,Balsam Poplar
SUR Esti,bfoliage,-.0000088,0.0000639,-.0000015,-.0000049,-.0000019,0.0001254,-.0000400,0.0005782,Balsam Poplar
SUR Esti,awood,0.0000201,-.0001002,0.0000090,-.0000862,0.0000066,-.0000805,0.0000142,-.0001312,Basswood
SUR Esti,bwood,-.0001002,0.0005139,-.0000475,0.0004687,-.0000323,0.0004001,-.0000668,0.0006151,Basswood
SUR Esti,abark,0.0000090,-.0000475,0.0000469,-.0004423,0.0000098,-.0001228,0.0000148,-.0001423,Basswood
SUR Esti,bbark,-.0000862,0.0004687,-.0004423,0.0042547,-.0000930,0.0011923,-.0001379,0.0013525,Basswood
SUR Esti,abranche,0.0000066,-.0000323,0.0000098,-.0000930,0.0000479,-.0006067,0.0000435,-.0004374,Basswood
SUR Esti,bbranche,-.0000805,0.0004001,-.0001228,0.0011923,-.0006067,0.0078891,-.0005481,0.0056342,Basswood
SUR Esti,afoliage,0.0000142,-.0000668,0.0000148,-.0001379,0.0000435,-.0005481,0.0000897,-.0008990,Basswood
SUR Esti,bfoliage,-.0001312,0.0006151,-.0001423,0.0013525,-.0004374,0.0056342,-.0008990,0.0093331,Basswood
SUR Esti,awood,0.0004073,-.0008046,0.0000065,-.0001731,0.0000192,-.0001684,0.0000271,-.0002212,Beech
SUR Esti,bwood,-.0008046,0.0016096,-.0000135,0.0003707,-.0000396,0.0003590,-.0000541,0.0004519,Beech
SUR Esti,abark,0.0000065,-.0000135,0.0000010,-.0000244,-.0000004,0.0000024,-.0000014,0.0000097,Beech
SUR Esti,bbark,-.0001731,0.0003707,-.0000244,0.0006560,0.0000075,-.0000344,0.0000309,-.0002162,Beech
SUR Esti,abranche,0.0000192,-.0000396,-.0000004,0.0000075,0.0000177,-.0001447,0.0000127,-.0001035,Beech
SUR Esti,bbranche,-.0001684,0.0003590,0.0000024,-.0000344,-.0001447,0.0012455,-.0001045,0.0009049,Beech
SUR Esti,afoliage,0.0000271,-.0000541,-.0000014,0.0000309,0.0000127,-.0001045,0.0000302,-.0002385,Beech
SUR Esti,bfoliage,-.0002212,0.0004519,0.0000097,-.0002162,-.0001035,0.0009049,-.0002385,0.0019795,Beech
SUR Esti,awood,0.0000526,-.0001730,0.0000197,-.0001874,0.0000090,-.0000731,-.0000138,0.0000666,Black Ash
SUR Esti,bwood,-.0001730,0.0006014,-.0000643,0.0006429,-.0000226,0.0001608,0.0000437,-.0002205,Black Ash
SUR Esti,abark,0.0000197,-.0000643,0.0000249,-.0002332,-.0000059,0.0000316,-.0000189,0.0000992,Black Ash
SUR Esti,bbark,-.0001874,0.0006429,-.0002332,0.0022515,0.0000621,-.0003962,0.0001743,-.0009311,Black Ash
SUR Esti,abranche,0.0000090,-.0000226,-.0000059,0.0000621,0.0000739,-.0006308,0.0000483,-.0003402,Black Ash
SUR Esti,bbranche,-.0000731,0.0001608,0.0000316,-.0003962,-.0006308,0.0060941,-.0003706,0.0030894,Black Ash
SUR Esti,afoliage,-.0000138,0.0000437,-.0000189,0.0001743,0.0000483,-.0003706,0.0000768,-.0004617,Black Ash
SUR Esti,bfoliage,0.0000666,-.0002205,0.0000992,-.0009311,-.0003402,0.0030894,-.0004617,0.0031603,Black Ash
SUR Esti,awood,0.0032813,-.0026658,0.0001678,-.0008289,0.0001879,-.0006528,0.0000047,-.0000144,Black Cherry
SUR Esti,bwood,-.0026658,0.0022269,-.0001558,0.0007885,-.0001542,0.0005830,-.0000039,0.0000260,Black Cherry
SUR Esti,abark,0.0001678,-.0001558,0.0004158,-.0017886,0.0000212,-.0000609,-.0000012,0.0000088,Black Cherry
SUR Esti,bbark,-.0008289,0.0007885,-.0017886,0.0077932,-.0000947,0.0002865,0.0000054,-.0000510,Black Cherry
SUR Esti,abranche,0.0001879,-.0001542,0.0000212,-.0000947,0.0001176,-.0004816,0.0000113,-.0000464,Black Cherry
SUR Esti,bbranche,-.0006528,0.0005830,-.0000609,0.0002865,-.0004816,0.0023301,-.0000443,0.0002944,Black Cherry
SUR Esti,afoliage,0.0000047,-.0000039,-.0000012,0.0000054,0.0000113,-.0000443,0.0000284,-.0001014,Black Cherry
SUR Esti,bfoliage,-.0000144,0.0000260,0.0000088,-.0000510,-.0000464,0.0002944,-.0001014,0.0006129,Black Cherry
SUR Esti,awood,0.0000011,-.0000076,0.0000004,-.0000082,-.0000006,0.0000069,-.0000014,0.0000029,Black Spruce
SUR Esti,bwood,-.0000076,0.0000566,-.0000026,0.0000611,0.0000040,-.0000508,0.0000105,-.0000237,Black Spruce
SUR Esti,abark,0.0000004,-.0000026,0.0000004,-.0000083,-.0000002,0.0000030,-.0000011,0.0000024,Black Spruce
SUR Esti,bbark,-.0000082,0.0000611,-.0000083,0.0001932,0.0000055,-.0000702,0.0000266,-.0000607,Black Spruce
SUR Esti,abranche,-.0000006,0.0000040,-.0000002,0.0000055,0.0000037,-.0000481,0.0000112,-.0000251,Black Spruce
SUR Esti,bbranche,0.0000069,-.0000508,0.0000030,-.0000702,-.0000481,0.0006394,-.0001478,0.0003494,Black Spruce
SUR Esti,afoliage,-.0000014,0.0000105,-.0000011,0.0000266,0.0000112,-.0001478,0.0000775,-.0001778,Black Spruce
SUR Esti,bfoliage,0.0000029,-.0000237,0.0000024,-.0000607,-.0000251,0.0003494,-.0001778,0.0004336,Black Spruce
SUR Esti,awood,0.0000092,-.0000441,0.0000013,-.0000270,0.0000012,-.0000164,0.0000003,-.0000007,Eastern Hemlock
SUR Esti,bwood,-.0000441,0.0002251,-.0000060,0.0001260,-.0000061,0.0000899,-.0000009,0.0000024,Eastern Hemlock
SUR Esti,abark,0.0000013,-.0000060,0.0000010,-.0000205,-.0000007,0.0000083,0.0000011,-.0000039,Eastern Hemlock
SUR Esti,bbark,-.0000270,0.0001260,-.0000205,0.0004421,0.0000123,-.0001539,-.0000212,0.0000789,Eastern Hemlock
SUR Esti,abranche,0.0000012,-.0000061,-.0000007,0.0000123,0.0000094,-.0001265,-.0000032,0.0000124,Eastern Hemlock
SUR Esti,bbranche,-.0000164,0.0000899,0.0000083,-.0001539,-.0001265,0.0017676,0.0000394,-.0001307,Eastern Hemlock
SUR Esti,afoliage,0.0000003,-.0000009,0.0000011,-.0000212,-.0000032,0.0000394,0.0000476,-.0001932,Eastern Hemlock
SUR Esti,bfoliage,-.0000007,0.0000024,-.0000039,0.0000789,0.0000124,-.0001307,-.0001932,0.0008551,Eastern Hemlock
SUR Esti,awood,0.0001590,-.0003905,0.0000373,-.0003417,0.0000138,-.0001430,-.0000240,0.0001540,Eastern Red Cedar
SUR Esti,bwood,-.0003905,0.0010255,-.0001129,0.0011043,-.0000264,0.0002070,0.0000656,-.0004370,Eastern Red Cedar
SUR Esti,abark,0.0000373,-.0001129,0.0000578,-.0005267,0.0000025,-.0000333,-.0000056,0.0000298,Eastern Red Cedar
SUR Esti,bbark,-.0003417,0.0011043,-.0005267,0.0049964,-.0000182,0.0002056,0.0000441,-.0001797,Eastern Red Cedar
SUR Esti,abranche,0.0000138,-.0000264,0.0000025,-.0000182,0.0000530,-.0006719,-.0000225,0.0001686,Eastern Red Cedar
SUR Esti,bbranche,-.0001430,0.0002070,-.0000333,0.0002056,-.0006719,0.0089924,0.0003682,-.0027554,Eastern Red Cedar
SUR Esti,afoliage,-.0000240,0.0000656,-.0000056,0.0000441,-.0000225,0.0003682,0.0002968,-.0018110,Eastern Red Cedar
SUR Esti,bfoliage,0.0001540,-.0004370,0.0000298,-.0001797,0.0001686,-.0027554,-.0018110,0.0116351,Eastern Red Cedar
SUR Esti,awood,0.0000136,-.0000617,0.0000027,-.0000709,0.0000002,-.0000024,-.0000005,0.0000012,Eastern White Cedar
SUR Esti,bwood,-.0000617,0.0002907,-.0000124,0.0003382,-.0000009,0.0000108,0.0000012,0.0000065,Eastern White Cedar
SUR Esti,abark,0.0000027,-.0000124,0.0000017,-.0000442,-.0000001,0.0000013,0.0000002,-.0000013,Eastern White Cedar
SUR Esti,bbark,-.0000709,0.0003382,-.0000442,0.0012135,0.0000036,-.0000326,-.0000061,0.0000495,Eastern White Cedar
SUR Esti,abranche,0.0000002,-.0000009,-.0000001,0.0000036,0.0000113,-.0001075,0.0000096,-.0000632,Eastern White Cedar
SUR Esti,bbranche,-.0000024,0.0000108,0.0000013,-.0000326,-.0001075,0.0010953,-.0000940,0.0006739,Eastern White Cedar
SUR Esti,afoliage,-.0000005,0.0000012,0.0000002,-.0000061,0.0000096,-.0000940,0.0000143,-.0000955,Eastern White Cedar
SUR Esti,bfoliage,0.0000012,0.0000065,-.0000013,0.0000495,-.0000632,0.0006739,-.0000955,0.0007038,Eastern White Cedar
SUR Esti,awood,0.0001666,-.0004477,0.0000165,-.0002360,-.0000032,0.0001564,-.0000001,-.0000022,Eastern White Pine
SUR Esti,bwood,-.0004477,0.0012245,-.0000448,0.0006595,0.0000087,-.0004357,0.0000005,-.0000018,Eastern White Pine
SUR Esti,abark,0.0000165,-.0000448,0.0000025,-.0000368,-.0000005,0.0000260,0.0000002,-.0000021,Eastern White Pine
SUR Esti,bbark,-.0002360,0.0006595,-.0000368,0.0005609,0.0000075,-.0003779,-.0000025,0.0000227,Eastern White Pine
SUR Esti,abranche,-.0000032,0.0000087,-.0000005,0.0000075,0.0000006,-.0000296,0.0000002,-.0000012,Eastern White Pine
SUR Esti,bbranche,0.0001564,-.0004357,0.0000260,-.0003779,-.0000296,0.0014519,-.0000080,0.0000704,Eastern White Pine
SUR Esti,afoliage,-.0000001,0.0000005,0.0000002,-.0000025,0.0000002,-.0000080,0.0000056,-.0000565,Eastern White Pine
SUR Esti,bfoliage,-.0000022,-.0000018,-.0000021,0.0000227,-.0000012,0.0000704,-.0000565,0.0006143,Eastern White Pine
SUR Esti,awood,0.0000188,-.0000944,0.0000011,-.0000310,-.0000040,0.0001583,-.0000010,0.0000330,Grey Birch
SUR Esti,bwood,-.0000944,0.0004972,-.0000071,0.0002267,0.0000181,-.0006618,0.0000038,-.0000775,Grey Birch
SUR Esti,abark,0.0000011,-.0000071,0.0000013,-.0000323,0.0000003,-.0000164,-.0000001,0.0000010,Grey Birch
SUR Esti,bbark,-.0000310,0.0002267,-.0000323,0.0009237,-.0000085,0.0005167,0.0000007,0.0000875,Grey Birch
SUR Esti,abranche,-.0000040,0.0000181,0.0000003,-.0000085,0.0000071,-.0003090,0.0000046,-.0001841,Grey Birch
SUR Esti,bbranche,0.0001583,-.0006618,-.0000164,0.0005167,-.0003090,0.0141022,-.0002048,0.0086302,Grey Birch
SUR Esti,afoliage,-.0000010,0.0000038,-.0000001,0.0000007,0.0000046,-.0002048,0.0000039,-.0001564,Grey Birch
SUR Esti,bfoliage,0.0000330,-.0000775,0.0000010,0.0000875,-.0001841,0.0086302,-.0001564,0.0067159,Grey Birch
SUR Esti,awood,0.0029916,-.0042161,0.0001528,-.0012973,0.0000716,-.0025210,0.0000285,-.0005014,Hickory
SUR Esti,bwood,-.0042161,0.0060213,-.0002193,0.0019080,-.0001022,0.0036537,-.0000405,0.0007255,Hickory
SUR Esti,abark,0.0001528,-.0002193,0.0000212,-.0001793,0.0000033,-.0001163,0.0000017,-.0000269,Hickory
SUR Esti,bbark,-.0012973,0.0019080,-.0001793,0.0015730,-.0000282,0.0010166,-.0000134,0.0002093,Hickory
SUR Esti,abranche,0.0000716,-.0001022,0.0000033,-.0000282,0.0000063,-.0002204,0.0000037,-.0000646,Hickory
SUR Esti,bbranche,-.0025210,0.0036537,-.0001163,0.0010166,-.0002204,0.0079552,-.0001286,0.0023327,Hickory
SUR Esti,afoliage,0.0000285,-.0000405,0.0000017,-.0000134,0.0000037,-.0001286,0.0000088,-.0001511,Hickory
SUR Esti,bfoliage,-.0005014,0.0007255,-.0000269,0.0002093,-.0000646,0.0023327,-.0001511,0.0026712,Hickory
SUR Esti,awood,0.0018608,-.0035302,0.0004648,-.0027423,0.0001491,-.0019202,-.0001689,0.0021453,Hop-Hornbeam
SUR Esti,bwood,-.0035302,0.0069454,-.0010181,0.0064236,-.0002669,0.0035598,0.0003326,-.0043825,Hop-Hornbeam
SUR Esti,abark,0.0004648,-.0010181,0.0004039,-.0025810,0.0000437,-.0006581,-.0000102,0.0002066,Hop-Hornbeam
SUR Esti,bbark,-.0027423,0.0064236,-.0025810,0.0173484,-.0002315,0.0038144,0.0000913,-.0017903,Hop-Hornbeam
SUR Esti,abranche,0.0001491,-.0002669,0.0000437,-.0002315,0.0001210,-.0015469,0.0000331,-.0004067,Hop-Hornbeam
SUR Esti,bbranche,-.0019202,0.0035598,-.0006581,0.0038144,-.0015469,0.0200738,-.0004200,0.0051759,Hop-Hornbeam
SUR Esti,afoliage,-.0001689,0.0003326,-.0000102,0.0000913,0.0000331,-.0004200,0.0000649,-.0008111,Hop-Hornbeam
SUR Esti,bfoliage,0.0021453,-.0043825,0.0002066,-.0017903,-.0004067,0.0051759,-.0008111,0.0103720,Hop-Hornbeam
SUR Esti,awood,0.0000176,-.0000697,-.0000007,0.0000120,-.0000006,0.0000239,-.0000006,0.0000030,Jack Pine
SUR Esti,bwood,-.0000697,0.0002832,0.0000027,-.0000405,0.0000025,-.0000997,0.0000021,-.0000065,Jack Pine
SUR Esti,abark,-.0000007,0.0000027,0.0000008,-.0000145,-.0000002,0.0000072,0.0000001,-.0000010,Jack Pine
SUR Esti,bbark,0.0000120,-.0000405,-.0000145,0.0002707,0.0000031,-.0001361,-.0000021,0.0000225,Jack Pine
SUR Esti,abranche,-.0000006,0.0000025,-.0000002,0.0000031,0.0000013,-.0000548,0.0000024,-.0000202,Jack Pine
SUR Esti,bbranche,0.0000239,-.0000997,0.0000072,-.0001361,-.0000548,0.0023627,-.0001006,0.0008705,Jack Pine
SUR Esti,afoliage,-.0000006,0.0000021,0.0000001,-.0000021,0.0000024,-.0001006,0.0000082,-.0000693,Jack Pine
SUR Esti,bfoliage,0.0000030,-.0000065,-.0000010,0.0000225,-.0000202,0.0008705,-.0000693,0.0006290,Jack Pine
SUR Esti,awood,0.0002082,-.0006920,0.0000373,-.0003983,0.0000004,-.0000168,-.0000012,0.0000492,Largetooth Aspen
SUR Esti,bwood,-.0006920,0.0023335,-.0001253,0.0013596,-.0000011,0.0000305,0.0000037,-.0001692,Largetooth Aspen
SUR Esti,abark,0.0000373,-.0001253,0.0000124,-.0001350,0.0000003,-.0000182,0.0000003,-.0000097,Largetooth Aspen
SUR Esti,bbark,-.0003983,0.0013596,-.0001350,0.0015075,-.0000030,0.0002027,-.0000028,0.0001009,Largetooth Aspen
SUR Esti,abranche,0.0000004,-.0000011,0.0000003,-.0000030,0.0000004,-.0000255,0.0000002,-.0000101,Largetooth Aspen
SUR Esti,bbranche,-.0000168,0.0000305,-.0000182,0.0002027,-.0000255,0.0018903,-.0000173,0.0007776,Largetooth Aspen
SUR Esti,afoliage,-.0000012,0.0000037,0.0000003,-.0000028,0.0000002,-.0000173,0.0000024,-.0000972,Largetooth Aspen
SUR Esti,bfoliage,0.0000492,-.0001692,-.0000097,0.0001009,-.0000101,0.0007776,-.0000972,0.0039610,Largetooth Aspen
SUR Esti,awood,0.0000082,-.0000535,0.0000030,-.0000507,-.0000032,0.0000517,-.0000056,0.0000398,Lodgepole Pine
SUR Esti,bwood,-.0000535,0.0003613,-.0000194,0.0003349,0.0000215,-.0003605,0.0000359,-.0002568,Lodgepole Pine
SUR Esti,abark,0.0000030,-.0000194,0.0000033,-.0000572,-.0000012,0.0000187,-.0000029,0.0000215,Lodgepole Pine
SUR Esti,bbark,-.0000507,0.0003349,-.0000572,0.0010192,0.0000202,-.0003216,0.0000498,-.0003670,Lodgepole Pine
SUR Esti,abranche,-.0000032,0.0000215,-.0000012,0.0000202,0.0000075,-.0001318,0.0000106,-.0000819,Lodgepole Pine
SUR Esti,bbranche,0.0000517,-.0003605,0.0000187,-.0003216,-.0001318,0.0024891,-.0001789,0.0014431,Lodgepole Pine
SUR Esti,afoliage,-.0000056,0.0000359,-.0000029,0.0000498,0.0000106,-.0001789,0.0000264,-.0002051,Lodgepole Pine
SUR Esti,bfoliage,0.0000398,-.0002568,0.0000215,-.0003670,-.0000819,0.0014431,-.0002051,0.0016818,Lodgepole Pine
SUR Esti,awood,0.0008254,-.0016322,0.0000970,-.0008251,-.0000530,0.0008383,0.0002936,-.0008527,Red Ash
SUR Esti,bwood,-.0016322,0.0032721,-.0002064,0.0017869,0.0000994,-.0015602,-.0005626,0.0016457,Red Ash
SUR Esti,abark,0.0000970,-.0002064,0.0000567,-.0004402,-.0000140,0.0002237,-.0000479,0.0001297,Red Ash
SUR Esti,bbark,-.0008251,0.0017869,-.0004402,0.0035101,0.0001020,-.0016270,0.0003155,-.0008545,Red Ash
SUR Esti,abranche,-.0000530,0.0000994,-.0000140,0.0001020,0.0000342,-.0005920,0.0000259,-.0000824,Red Ash
SUR Esti,bbranche,0.0008383,-.0015602,0.0002237,-.0016270,-.0005920,0.0105008,-.0004827,0.0016454,Red Ash
SUR Esti,afoliage,0.0002936,-.0005626,-.0000479,0.0003155,0.0000259,-.0004827,0.0006729,-.0019837,Red Ash
SUR Esti,bfoliage,-.0008527,0.0016457,0.0001297,-.0008545,-.0000824,0.0016454,-.0019837,0.0060526,Red Ash
SUR Esti,awood,0.0000271,-.0000868,0.0000036,-.0000366,0.0000017,-.0000321,0.0000026,-.0000149,Red Maple
SUR Esti,bwood,-.0000868,0.0002998,-.0000104,0.0001155,-.0000060,0.0001205,-.0000078,0.0000451,Red Maple
SUR Esti,abark,0.0000036,-.0000104,0.0000073,-.0000838,-.0000013,0.0000233,0.0000001,0.0000002,Red Maple
SUR Esti,bbark,-.0000366,0.0001155,-.0000838,0.0010236,0.0000128,-.0002382,-.0000003,-.0000066,Red Maple
SUR Esti,abranche,0.0000017,-.0000060,-.0000013,0.0000128,0.0000116,-.0002021,0.0000131,-.0000792,Red Maple
SUR Esti,bbranche,-.0000321,0.0001205,0.0000233,-.0002382,-.0002021,0.0036322,-.0002311,0.0014558,Red Maple
SUR Esti,afoliage,0.0000026,-.0000078,0.0000001,-.0000003,0.0000131,-.0002311,0.0000426,-.0002548,Red Maple
SUR Esti,bfoliage,-.0000149,0.0000451,0.0000002,-.0000066,-.0000792,0.0014558,-.0002548,0.0016007,Red Maple
SUR Esti,awood,0.0002221,-.0003871,0.0000390,-.0003055,0.0000025,-.0000973,-.0000053,0.0000358,Red Oak
SUR Esti,bwood,-.0003871,0.0007113,-.0000664,0.0005411,-.0000051,0.0002087,0.0000080,-.0000378,Red Oak
SUR Esti,abark,0.0000390,-.0000664,0.0000258,-.0002012,0.0000026,-.0000939,-.0000038,0.0000316,Red Oak
SUR Esti,bbark,-.0003055,0.0005411,-.0002012,0.0016258,-.0000224,0.0007978,0.0000285,-.0002309,Red Oak
SUR Esti,abranche,0.0000025,-.0000051,0.0000026,-.0000224,0.0000080,-.0002743,0.0000018,-.0000121,Red Oak
SUR Esti,bbranche,-.0000973,0.0002087,-.0000939,0.0007978,-.0002743,0.0095926,-.0000615,0.0004672,Red Oak
SUR Esti,afoliage,-.0000053,0.0000080,-.0000038,0.0000285,0.0000018,-.0000615,0.0000084,-.0000714,Red Oak
SUR Esti,bfoliage,0.0000358,-.0000378,0.0000316,-.0002309,-.0000121,0.0004672,-.0000714,0.0007201,Red Oak
SUR Esti,awood,0.0000118,-.0000649,0.0000005,-.0000085,-.0000005,0.0000505,-.0000012,0.0000182,Red Pine
SUR Esti,bwood,-.0000649,0.0003678,-.0000029,0.0000537,0.0000030,-.0002890,0.0000067,-.0001064,Red Pine
SUR Esti,abark,0.0000005,-.0000029,0.0000003,-.0000057,0.0000000,-.0000012,0.0000000,-.0000004,Red Pine
SUR Esti,bbark,-.0000085,0.0000537,-.0000057,0.0001045,-.0000002,0.0000101,-.0000004,0.0000038,Red Pine
SUR Esti,abranche,-.0000005,0.0000030,0.0000000,-.0000002,0.0000002,-.0000218,0.0000004,-.0000061,Red Pine
SUR Esti,bbranche,0.0000505,-.0002890,-.0000012,0.0000101,-.0000218,0.0020689,-.0000389,0.0005833,Red Pine
SUR Esti,afoliage,-.0000012,0.0000067,0.0000000,-.0000004,0.0000004,-.0000389,0.0000019,-.0000271,Red Pine
SUR Esti,bfoliage,0.0000182,-.0001064,-.0000004,0.0000038,-.0000061,0.0005833,-.0000271,0.0004143,Red Pine
SUR Esti,awood,0.0000458,-.0001421,0.0000066,-.0000973,0.0000001,-.0000420,0.0000012,-.0000580,Red Spruce
SUR Esti,bwood,-.0001421,0.0004513,-.0000215,0.0003252,-.0000002,0.0001464,-.0000037,0.0001844,Red Spruce
SUR Esti,abark,0.0000066,-.0000215,0.0000028,-.0000423,0.0000000,-.0000030,0.0000001,-.0000058,Red Spruce
SUR Esti,bbark,-.0000973,0.0003252,-.0000423,0.0006579,-.0000001,0.0000736,-.0000016,0.0001001,Red Spruce
SUR Esti,abranche,0.0000001,-.0000002,0.0000000,-.0000001,0.0000000,-.0000061,0.0000001,-.0000049,Red Spruce
SUR Esti,bbranche,-.0000420,0.0001464,-.0000030,0.0000736,-.0000061,0.0034969,-.0000614,0.0028241,Red Spruce
SUR Esti,afoliage,0.0000012,-.0000037,0.0000001,-.0000016,0.0000001,-.0000614,0.0000014,-.0000645,Red Spruce
SUR Esti,bfoliage,-.0000580,0.0001844,-.0000058,0.0001001,-.0000049,0.0028241,-.0000645,0.0029701,Red Spruce
SUR Esti,awood,0.0010616,-.0012847,0.0000291,-.0003298,-.0000011,0.0000593,-.0004408,0.0008362,Silver Maple
SUR Esti,bwood,-.0012847,0.0015826,-.0000388,0.0004630,0.0000009,-.0000186,0.0005219,-.0010033,Silver Maple
SUR Esti,abark,0.0000291,-.0000388,0.0000052,-.0000579,0.0000004,-.0000488,0.0000242,-.0000501,Silver Maple
SUR Esti,bbark,-.0003298,0.0004630,-.0000579,0.0006869,-.0000052,0.0005983,-.0002690,0.0005725,Silver Maple
SUR Esti,abranche,-.0000011,0.0000009,0.0000004,-.0000052,0.0000011,-.0001082,0.0000367,-.0000733,Silver Maple
SUR Esti,bbranche,0.0000593,-.0000186,-.0000488,0.0005983,-.0001082,0.0112185,-.0037130,0.0075369,Silver Maple
SUR Esti,afoliage,-.0004408,0.0005219,0.0000242,-.0002690,0.0000367,-.0037130,0.0029746,-.0059077,Silver Maple
SUR Esti,bfoliage,0.0008362,-.0010033,-.0000501,0.0005725,-.0000733,0.0075369,-.0059077,0.0119114,Silver Maple
SUR Esti,awood,0.0000699,-.0001507,0.0000691,-.0003093,0.0000001,-.0000015,-.0000039,0.0000270,Sugar Maple
SUR Esti,bwood,-.0001507,0.0003324,-.0001483,0.0006734,-.0000002,0.0000027,0.0000082,-.0000578,Sugar Maple
SUR Esti,abark,0.0000691,-.0001483,0.0001053,-.0004724,0.0000009,-.0000072,-.0000033,0.0000255,Sugar Maple
SUR Esti,bbark,-.0003093,0.0006734,-.0004724,0.0021544,-.0000038,0.0000215,0.0000156,-.0001284,Sugar Maple
SUR Esti,abranche,0.0000001,-.0000002,0.0000009,-.0000038,0.0000145,-.0001274,0.0000028,-.0000202,Sugar Maple
SUR Esti,bbranche,-.0000015,0.0000027,-.0000072,0.0000215,-.0001274,0.0011643,-.0000253,0.0002071,Sugar Maple
SUR Esti,afoliage,-.0000039,0.0000082,-.0000033,0.0000156,0.0000028,-.0000253,0.0000058,-.0000452,Sugar Maple
SUR Esti,bfoliage,0.0000270,-.0000578,0.0000255,-.0001284,-.0000202,0.0002071,-.0000452,0.0003860,Sugar Maple
SUR Esti,awood,0.0000076,-.0000413,0.0000002,-.0000028,-.0000011,0.0000193,-.0000033,0.0000129,Tamarack Larch
SUR Esti,bwood,-.0000413,0.0002350,-.0000008,0.0000182,0.0000061,-.0001155,0.0000167,-.0000645,Tamarack Larch
SUR Esti,abark,0.0000002,-.0000008,0.0000003,-.0000049,-.0000000,0.0000002,-.0000002,0.0000005,Tamarack Larch
SUR Esti,bbark,-.0000028,0.0000182,-.0000049,0.0001011,0.0000003,-.0000083,0.0000024,-.0000062,Tamarack Larch
SUR Esti,abranche,-.0000011,0.0000061,-.0000000,0.0000003,0.0000021,-.0000382,0.0000066,-.0000293,Tamarack Larch
SUR Esti,bbranche,0.0000193,-.0001155,0.0000002,-.0000083,-.0000382,0.0007257,-.0001188,0.0005532,Tamarack Larch
SUR Esti,afoliage,-.0000033,0.0000167,-.0000002,0.0000024,0.0000066,-.0001188,0.0000394,-.0001761,Tamarack Larch
SUR Esti,bfoliage,0.0000129,-.0000645,0.0000005,-.0000062,-.0000293,0.0005532,-.0001761,0.0008489,Tamarack Larch
SUR Esti,awood,0.0000085,-.0000445,0.0000014,-.0000270,-.0000001,0.0000027,0.0000004,-.0000054,Trembling Aspen
SUR Esti,bwood,-.0000445,0.0002388,-.0000075,0.0001472,0.0000004,-.0000111,-.0000022,0.0000342,Trembling Aspen
SUR Esti,abark,0.0000014,-.0000075,0.0000005,-.0000102,0.0000001,-.0000030,-.0000001,0.0000010,Trembling Aspen
SUR Esti,bbark,-.0000270,0.0001472,-.0000102,0.0002036,-.0000014,0.0000588,0.0000018,-.0000112,Trembling Aspen
SUR Esti,abranche,-.0000001,0.0000004,0.0000001,-.0000014,0.0000007,-.0000270,0.0000022,-.0000264,Trembling Aspen
SUR Esti,bbranche,0.0000027,-.0000111,-.0000030,0.0000588,-.0000270,0.0011096,-.0000863,0.0010879,Trembling Aspen
SUR Esti,afoliage,0.0000004,-.0000022,-.0000001,0.0000018,0.0000022,-.0000863,0.0000128,-.0001542,Trembling Aspen
SUR Esti,bfoliage,-.0000054,0.0000342,0.0000010,-.0000112,-.0000264,0.0010879,-.0001542,0.0019261,Trembling Aspen
SUR Esti,awood,0.0002025,-.0003456,0.0000363,-.0002779,0.0000300,-.0002040,0.0001717,-.0004589,White Ash
SUR Esti,bwood,-.0003456,0.0006310,-.0000607,0.0004945,-.0000541,0.0003758,-.0002868,0.0007762,White Ash
SUR Esti,abark,0.0000363,-.0000607,0.0000157,-.0001185,-.0000033,0.0000217,0.0000172,-.0000456,White Ash
SUR Esti,bbark,-.0002779,0.0004945,-.0001185,0.0009512,0.0000225,-.0001551,-.0001301,0.0003507,White Ash
SUR Esti,abranche,0.0000300,-.0000541,-.0000033,0.0000225,0.0001033,-.0006949,0.0002076,-.0005625,White Ash
SUR Esti,bbranche,-.0002040,0.0003758,0.0000217,-.0001551,-.0006949,0.0048313,-.0013729,0.0038081,White Ash
SUR Esti,afoliage,0.0001717,-.0002868,0.0000172,-.0001301,0.0002076,-.0013729,0.0007629,-.0020523,White Ash
SUR Esti,bfoliage,-.0004589,0.0007762,-.0000456,0.0003507,-.0005625,0.0038081,-.0020523,0.0056731,White Ash
SUR Esti,awood,0.0000042,-.0000228,0.0000012,-.0000304,0.0000003,-.0000080,0.0000008,-.0000051,White Birch
SUR Esti,bwood,-.0000228,0.0001298,-.0000069,0.0001738,-.0000018,0.0000429,-.0000042,0.0000267,White Birch
SUR Esti,abark,0.0000012,-.0000069,0.0000006,-.0000146,0.0000002,-.0000042,0.0000005,-.0000032,White Birch
SUR Esti,bbark,-.0000304,0.0001738,-.0000146,0.0003739,-.0000042,0.0001040,-.0000123,0.0000771,White Birch
SUR Esti,abranche,0.0000003,-.0000018,0.0000002,-.0000042,0.0000008,-.0000206,0.0000011,-.0000071,White Birch
SUR Esti,bbranche,-.0000080,0.0000429,-.0000042,0.0001040,-.0000206,0.0005317,-.0000286,0.0001985,White Birch
SUR Esti,afoliage,0.0000008,-.0000042,0.0000005,-.0000123,0.0000011,-.0000286,0.0000077,-.0000496,White Birch
SUR Esti,bfoliage,-.0000051,0.0000267,-.0000032,0.0000771,-.0000071,0.0001985,-.0000496,0.0003564,White Birch
SUR Esti,awood,0.0000163,-.0001147,0.0000024,-.0000941,0.0000050,-.0000431,-.0000025,0.0000123,White Elm
SUR Esti,bwood,-.0001147,0.0008200,-.0000169,0.0006751,-.0000353,0.0002988,0.0000178,-.0000964,White Elm
SUR Esti,abark,0.0000024,-.0000169,0.0000055,-.0002273,0.0000003,-.0000055,-.0000004,0.0000019,White Elm
SUR Esti,bbark,-.0000941,0.0006751,-.0002273,0.0094950,-.0000128,0.0002151,0.0000158,-.0000611,White Elm
SUR Esti,abranche,0.0000050,-.0000353,0.0000003,-.0000128,0.0000178,-.0001432,-.0000002,0.0000092,White Elm
SUR Esti,bbranche,-.0000431,0.0002988,-.0000055,0.0002151,-.0001432,0.0012648,0.0000046,-.0000864,White Elm
SUR Esti,afoliage,-.0000025,0.0000178,-.0000004,0.0000158,-.0000002,0.0000046,0.0000093,-.0000386,White Elm
SUR Esti,bfoliage,0.0000123,-.0000964,0.0000019,-.0000611,0.0000092,-.0000864,-.0000386,0.0002681,White Elm
SUR Esti,awood,0.0000665,-.0002898,-.0000017,0.0000122,0.0000093,-.0002508,0.0000151,-.0002516,White Oak
SUR Esti,bwood,-.0002898,0.0013950,0.0000069,-.0000345,-.0000380,0.0011137,-.0000625,0.0011281,White Oak
SUR Esti,abark,-.0000017,0.0000069,0.0000036,-.0000319,-.0000013,0.0000321,-.0000009,0.0000135,White Oak
SUR Esti,bbark,0.0000122,-.0000345,-.0000319,0.0003266,0.0000108,-.0002475,0.0000088,-.0001285,White Oak
SUR Esti,abranche,0.0000093,-.0000380,-.0000013,0.0000108,0.0000053,-.0001313,0.0000055,-.0000832,White Oak
SUR Esti,bbranche,-.0002508,0.0011137,0.0000321,-.0002475,-.0001313,0.0034032,-.0001380,0.0021837,White Oak
SUR Esti,afoliage,0.0000151,-.0000625,-.0000009,0.0000088,0.0000055,-.0001380,0.0000172,-.0002708,White Oak
SUR Esti,bfoliage,-.0002516,0.0011281,0.0000135,-.0001285,-.0000832,0.0021837,-.0002708,0.0045015,White Oak
SUR Esti,awood,0.0000008,-.0000076,0.0000003,-.0000077,0.0000004,-.0000049,0.0000009,-.0000016,White Spruce
SUR Esti,bwood,-.0000076,0.0000771,-.0000025,0.0000764,-.0000037,0.0000440,-.0000072,0.0000106,White Spruce
SUR Esti,abark,0.0000003,-.0000025,0.0000002,-.0000063,0.0000003,-.0000039,0.0000007,-.0000015,White Spruce
SUR Esti,bbark,-.0000077,0.0000764,-.0000063,0.0001952,-.0000092,0.0001176,-.0000207,0.0000389,White Spruce
SUR Esti,abranche,0.0000004,-.0000037,0.0000003,-.0000092,0.0000030,-.0000368,0.0000072,-.0000158,White Spruce
SUR Esti,bbranche,-.0000049,0.0000440,-.0000039,0.0001176,-.0000368,0.0004917,-.0000895,0.0002125,White Spruce
SUR Esti,afoliage,0.0000009,-.0000072,0.0000007,-.0000207,0.0000072,-.0000895,0.0000718,-.0001497,White Spruce
SUR Esti,bfoliage,-.0000016,0.0000106,-.0000015,0.0000389,-.0000158,0.0002125,-.0001497,0.0003393,White Spruce
SUR Esti,awood,0.0003733,-.0005164,0.0000015,-.0000176,0.0000090,-.0000887,0.0000601,-.0001494,Yellow Birch
SUR Esti,bwood,-.0005164,0.0007232,-.0000021,0.0000279,-.0000132,0.0001352,-.0000845,0.0002135,Yellow Birch
SUR Esti,abark,0.0000015,-.0000021,0.0000028,-.0000399,-.0000007,0.0000058,-.0000033,0.0000077,Yellow Birch
SUR Esti,bbark,-.0000176,0.0000279,-.0000399,0.0005916,0.0000095,-.0000780,0.0000462,-.0001140,Yellow Birch
SUR Esti,abranche,0.0000090,-.0000132,-.0000007,0.0000095,0.0000056,-.0000528,0.0000173,-.0000433,Yellow Birch
SUR Esti,bbranche,-.0000887,0.0001352,0.0000058,-.0000780,-.0000528,0.0005269,-.0001601,0.0004229,Yellow Birch
SUR Esti,afoliage,0.0000601,-.0000845,-.0000033,0.0000462,0.0000173,-.0001601,0.0001453,-.0003654,Yellow Birch
SUR Esti,bfoliage,-.0001494,0.0002135,0.0000077,-.0001140,-.0000433,0.0004229,-.0003654,0.0009804,Yellow Birch
SUR Esti,awood,0.0000021,-.0000073,0.0000001,-.0000011,0.0000002,-.0000034,0.0000001,-.0000008,feuillu
SUR Esti,bwood,-.0000073,0.0000266,-.0000003,0.0000038,-.0000006,0.0000132,-.0000003,0.0000036,feuillu
SUR Esti,abark,0.0000001,-.0000003,0.0000008,-.0000105,-.0000001,0.0000015,-.0000000,0.0000003,feuillu
SUR Esti,bbark,-.0000011,0.0000038,-.0000105,0.0001356,0.0000011,-.0000206,0.0000006,-.0000046,feuillu
SUR Esti,abranche,0.0000002,-.0000006,-.0000001,0.0000011,0.0000004,-.0000085,0.0000003,-.0000025,feuillu
SUR Esti,bbranche,-.0000034,0.0000132,0.0000015,-.0000206,-.0000085,0.0001719,-.0000058,0.0000555,feuillu
SUR Esti,afoliage,0.0000001,-.0000003,-.0000000,0.0000006,0.0000003,-.0000058,0.0000009,-.0000071,feuillu
SUR Esti,bfoliage,-.0000008,0.0000036,0.0000003,-.0000046,-.0000025,0.0000555,-.0000071,0.0000688,feuillu
SUR Esti,awood,0.0000015,-.0000072,0.0000002,-.0000041,-.0000002,0.0000041,-.0000008,0.0000032,resineux
SUR Esti,bwood,-.0000072,0.0000371,-.0000010,0.0000219,0.0000010,-.0000209,0.0000042,-.0000168,resineux
SUR Esti,abark,0.0000002,-.0000010,0.0000001,-.0000013,-.0000000,0.0000003,-.0000001,0.0000004,resineux
SUR Esti,bbark,-.0000041,0.0000219,-.0000013,0.0000298,0.0000003,-.0000079,0.0000021,-.0000092,resineux
SUR Esti,abranche,-.0000002,0.0000010,-.0000000,0.0000003,0.0000003,-.0000054,0.0000008,-.0000032,resineux
SUR Esti,bbranche,0.0000041,-.0000209,0.0000003,-.0000079,-.0000054,0.0001162,-.0000176,0.0000725,resineux
SUR Esti,afoliage,-.0000008,0.0000042,-.0000001,0.0000021,0.0000008,-.0000176,0.0000060,-.0000238,resineux
SUR Esti,bfoliage,0.0000032,-.0000168,0.0000004,-.0000092,-.0000032,0.0000725,-.0000238,0.0001004,resineux
SUR Esti,awood,0.0000016,-.0000062,0.0000001,-.0000018,0.0000001,-.0000017,-.0000001,0.0000002,all
SUR Esti,bwood,-.0000062,0.0000259,-.0000004,0.0000079,-.0000005,0.0000079,0.0000003,-.0000018,all
SUR Esti,abark,0.0000001,-.0000004,0.0000000,-.0000009,0.0000000,-.0000003,-.0000001,0.0000003,all
SUR Esti,bbark,-.0000018,0.0000079,-.0000009,0.0000170,-.0000003,0.0000049,0.0000012,-.0000063,all
SUR Esti,abranche,0.0000001,-.0000005,0.0000000,-.0000003,0.0000004,-.0000056,0.0000007,-.0000031,all
SUR Esti,bbranche,-.0000017,0.0000079,-.0000003,0.0000049,-.0000056,0.0000934,-.0000104,0.0000496,all
SUR Esti,afoliage,-.0000001,0.0000003,-.0000001,0.0000012,0.0000007,-.0000104,0.0000042,-.0000189,all
SUR Esti,bfoliage,0.0000002,-.0000018,0.0000003,-.0000063,-.0000031,0.0000496,-.0000189,0.0000914,all
