Equation,s1,s2,s3,s4,s5,s6,s7,ess
wood,0.0924766,0.0056869,0.0723243,0.0008350,0.0029659,0.0031536,0.1225486,Alpine Fir
bark,0.0056869,0.0018337,0.0065315,-.0001493,-.0007621,-.0007199,0.0066038,Alpine Fir
stem,0.0723243,0.0065315,0.0595369,0.0003723,0.0009689,0.0011684,0.0942611,Alpine Fir
branches,0.0008350,-.0001493,0.0003723,0.0003746,0.0010090,0.0012614,0.0050346,Alpine Fir
foliage,0.0029659,-.0007621,0.0009689,0.0010090,0.0040309,0.0041213,0.0161867,Alpine Fir
crown,0.0031536,-.0007199,0.0011684,0.0012614,0.0041213,0.0046631,0.0178732,Alpine Fir
total,0.1225486,0.0066038,0.0942611,0.0050346,0.0161867,0.0178732,0.2380178,Alpine Fir
wood,0.0012269,0.0001716,0.0014107,-.0002201,-.0020371,-.0009029,0.0016282,Balsam Fir
bark,0.0001716,0.0000569,0.0002324,-.0000296,-.0004034,-.0001535,0.0002611,Balsam Fir
stem,0.0014107,0.0002324,0.0016596,-.0002525,-.0024710,-.0010685,0.0019082,Balsam Fir
branches,-.0002201,-.0000296,-.0002525,0.0003430,0.0017606,0.0009870,0.0003727,Balsam Fir
foliage,-.0020371,-.0004034,-.0024710,0.0017606,0.0305102,0.0102483,0.0042749,Balsam Fir
crown,-.0009029,-.0001535,-.0010685,0.0009870,0.0102483,0.0042298,0.0016971,Balsam Fir
total,0.0016282,0.0002611,0.0019082,0.0003727,0.0042749,0.0016971,0.0047407,Balsam Fir
wood,0.0007524,0.0001968,0.0019413,0.0000802,0.0000355,0.0000731,0.0017725,Balsam Poplar
bark,0.0001968,0.0003200,0.0007257,-.0000359,-.0000667,-.0000282,0.0005557,Balsam Poplar
stem,0.0019413,0.0007257,0.0053706,0.0001591,0.0000264,0.0001367,0.0047703,Balsam Poplar
branches,0.0000802,-.0000359,0.0001591,0.0002369,0.0001938,0.0002111,0.0005311,Balsam Poplar
foliage,0.0000355,-.0000667,0.0000264,0.0001938,0.0004554,0.0002146,0.0004114,Balsam Poplar
crown,0.0000731,-.0000282,0.0001367,0.0002111,0.0002146,0.0001983,0.0004815,Balsam Poplar
total,0.0017725,0.0005557,0.0047703,0.0005311,0.0004114,0.0004815,0.0049143,Balsam Poplar
wood,0.0274947,0.0050280,0.0374435,0.0013430,0.0002278,0.0020403,0.0496875,Basswood
bark,0.0050280,0.0039400,0.0097891,0.0005269,0.0006992,0.0009048,0.0130168,Basswood
stem,0.0374435,0.0097891,0.0538758,0.0020830,0.0008766,0.0032480,0.0716370,Basswood
branches,0.0013430,0.0005269,0.0020830,0.0009451,0.0006761,0.0014874,0.0070651,Basswood
foliage,0.0002278,0.0006992,0.0008766,0.0006761,0.0029615,0.0016270,0.0053704,Basswood
crown,0.0020403,0.0009048,0.0032480,0.0014874,0.0016270,0.0024806,0.0113857,Basswood
total,0.0496875,0.0130168,0.0716370,0.0070651,0.0053704,0.0113857,0.1754939,Basswood
wood,0.3005637,0.0072833,0.3144993,0.0078219,0.0492305,0.0194218,0.3331512,Beech
bark,0.0072833,0.0006050,0.0085630,-.0000871,-.0003643,-.0001655,0.0075530,Beech
stem,0.3144993,0.0085630,0.3311808,0.0076278,0.0483915,0.0190457,0.3477155,Beech
branches,0.0078219,-.0000871,0.0076278,0.0041054,0.0210892,0.0093703,0.0280288,Beech
foliage,0.0492305,-.0003643,0.0483915,0.0210892,0.2003710,0.0518468,0.1637829,Beech
crown,0.0194218,-.0001655,0.0190457,0.0093703,0.0518468,0.0216900,0.0666029,Beech
total,0.3331512,0.0075530,0.3477155,0.0280288,0.1637829,0.0666029,0.4719836,Beech
wood,0.0032782,0.0046647,0.0074602,0.0000485,-.0013731,-.0001151,0.0045734,Black Ash
bark,0.0046647,0.0191952,0.0140165,-.0006442,-.0047644,-.0014161,0.0072748,Black Ash
stem,0.0074602,0.0140165,0.0182031,-.0001804,-.0038116,-.0007198,0.0105814,Black Ash
branches,0.0000485,-.0006442,-.0001804,0.0011065,0.0066480,0.0020502,0.0014695,Black Ash
foliage,-.0013731,-.0047644,-.0038116,0.0066480,0.0541896,0.0132018,0.0070776,Black Ash
crown,-.0001151,-.0014161,-.0007198,0.0020502,0.0132018,0.0038877,0.0024812,Black Ash
total,0.0045734,0.0072748,0.0105814,0.0014695,0.0070776,0.0024812,0.0085015,Black Ash
wood,22.398136,1.8642320,26.157621,0.0410669,1.2650184,0.0366920,32.412134,Black Cherry
bark,1.8642320,0.4492306,2.4849278,0.0032074,-.1295415,0.0028308,2.8478620,Black Cherry
stem,26.157621,2.4849278,30.871825,0.0473710,1.2193311,0.0422489,37.997011,Black Cherry
branches,0.0410669,0.0032074,0.0473710,0.0014822,0.0421009,0.0013370,0.1769478,Black Cherry
foliage,1.2650184,-.1295415,1.2193311,0.0421009,5.8841513,0.0412469,5.8038243,Black Cherry
crown,0.0366920,0.0028308,0.0422489,0.0013370,0.0412469,0.0012413,0.1549664,Black Cherry
total,32.412134,2.8478620,37.997011,0.1769478,5.8038243,0.1549664,60.766517,Black Cherry
wood,0.0118132,0.0014325,0.0148187,-.0015460,-.0027584,-.0042219,0.0068178,Black Spruce
bark,0.0014325,0.0005751,0.0021235,-.0002484,-.0006654,-.0008236,0.0008787,Black Spruce
stem,0.0148187,0.0021235,0.0188594,-.0019898,-.0037200,-.0055461,0.0085897,Black Spruce
branches,-.0015460,-.0002484,-.0019898,0.0016735,0.0027960,0.0044484,0.0013320,Black Spruce
foliage,-.0027584,-.0006654,-.0037200,0.0027960,0.0104754,0.0114858,0.0046032,Black Spruce
crown,-.0042219,-.0008236,-.0055461,0.0044484,0.0114858,0.0147076,0.0052851,Black Spruce
total,0.0068178,0.0008787,0.0085897,0.0013320,0.0046032,0.0052851,0.0091028,Black Spruce
wood,0.0004522,0.0001363,0.0007429,0.0000826,0.0000940,0.0002111,0.0021450,Eastern Hemlock
bark,0.0001363,0.0000956,0.0002598,0.0000038,0.0000001,0.0000014,0.0006858,Eastern Hemlock
stem,0.0007429,0.0002598,0.0012578,0.0001208,0.0001374,0.0003116,0.0036864,Eastern Hemlock
branches,0.0000826,0.0000038,0.0001208,0.0036308,0.0012047,0.0059464,0.0039255,Eastern Hemlock
foliage,0.0000940,0.0000001,0.0001374,0.0012047,0.0009981,0.0026704,0.0020687,Eastern Hemlock
crown,0.0002111,0.0000014,0.0003116,0.0059464,0.0026704,0.0105777,0.0073348,Eastern Hemlock
total,0.0021450,0.0006858,0.0036864,0.0039255,0.0020687,0.0073348,0.0155525,Eastern Hemlock
wood,0.2876713,0.0366836,0.3763503,-.0169862,-.0041752,-.0515638,0.3714019,Eastern Red Cedar
bark,0.0366836,0.0150086,0.0545622,0.0002573,0.0023595,0.0061910,0.0972116,Eastern Red Cedar
stem,0.3763503,0.0545622,0.4967056,-.0212246,-.0040507,-.0616703,0.5110468,Eastern Red Cedar
branches,-.0169862,0.0002573,-.0212246,0.0152467,0.0058428,0.0498433,0.1132893,Eastern Red Cedar
foliage,-.0041752,0.0023595,-.0040507,0.0058428,0.0119579,0.0359600,0.0917923,Eastern Red Cedar
crown,-.0515638,0.0061910,-.0616703,0.0498433,0.0359600,0.1964201,0.4788904,Eastern Red Cedar
total,0.3714019,0.0972116,0.5110468,0.1132893,0.0917923,0.4788904,2.1209816,Eastern Red Cedar
wood,0.0268655,0.0011400,0.0212475,0.0000939,0.0011738,0.0007075,0.0236987,Eastern White Cedar
bark,0.0011400,0.0001826,0.0011183,0.0000169,0.0001434,0.0001056,0.0013733,Eastern White Cedar
stem,0.0212475,0.0011183,0.0171822,0.0001056,0.0010535,0.0006814,0.0193478,Eastern White Cedar
branches,0.0000939,0.0000169,0.0001056,0.0003857,0.0006944,0.0010125,0.0018885,Eastern White Cedar
foliage,0.0011738,0.0001434,0.0010535,0.0006944,0.0021200,0.0023322,0.0053737,Eastern White Cedar
crown,0.0007075,0.0001056,0.0006814,0.0010125,0.0023322,0.0029674,0.0060459,Eastern White Cedar
total,0.0236987,0.0013733,0.0193478,0.0018885,0.0053737,0.0060459,0.0314626,Eastern White Cedar
wood,0.4629061,0.0069778,0.3989168,-.0096746,-.0059359,-.0070765,0.3592638,Eastern White Pine
bark,0.0069778,0.0002472,0.0067245,-.0002352,-.0001739,-.0001948,0.0056481,Eastern White Pine
stem,0.3989168,0.0067245,0.3475915,-.0087751,-.0054953,-.0065065,0.3110568,Eastern White Pine
branches,-.0096746,-.0002352,-.0087751,0.0009428,0.0005895,0.0007120,-.0030405,Eastern White Pine
foliage,-.0059359,-.0001739,-.0054953,0.0005895,0.0009072,0.0006153,-.0009544,Eastern White Pine
crown,-.0070765,-.0001948,-.0065065,0.0007120,0.0006153,0.0006077,-.0020234,Eastern White Pine
total,0.3592638,0.0056481,0.3110568,-.0030405,-.0009544,-.0020234,0.3141743,Eastern White Pine
wood,0.0056768,0.0006995,0.0060097,0.0000689,0.0001031,0.0001289,0.0025277,Grey Birch
bark,0.0006995,0.0002307,0.0009077,0.0000581,0.0000397,0.0000897,0.0004477,Grey Birch
stem,0.0060097,0.0009077,0.0065566,0.0001230,0.0001353,0.0002106,0.0028301,Grey Birch
branches,0.0000689,0.0000581,0.0001230,0.0001958,0.0001299,0.0003004,0.0002955,Grey Birch
foliage,0.0001031,0.0000397,0.0001353,0.0001299,0.0000968,0.0002027,0.0002197,Grey Birch
crown,0.0001289,0.0000897,0.0002106,0.0003004,0.0002027,0.0004619,0.0004633,Grey Birch
total,0.0025277,0.0004477,0.0028301,0.0002955,0.0002197,0.0004633,0.0015651,Grey Birch
wood,1.7733195,0.0670146,1.8598810,0.0118191,0.5209075,0.0136475,1.3224812,Hickory
bark,0.0670146,0.0064806,0.0783956,-.0002498,-.0612245,-.0003384,0.0427924,Hickory
stem,1.8598810,0.0783956,1.9675049,0.0109204,0.3715242,0.0124985,1.3712960,Hickory
branches,0.0118191,-.0002498,0.0109204,0.0012166,0.0681366,0.0014632,0.0262400,Hickory
foliage,0.5209075,-.0612245,0.3715242,0.0681366,14.318262,0.0892528,1.6068730,Hickory
crown,0.0136475,-.0003384,0.0124985,0.0014632,0.0892528,0.0017822,0.0312674,Hickory
total,1.3224812,0.0427924,1.3712960,0.0262400,1.6068730,0.0312674,1.2934558,Hickory
wood,22.902436,4.7406272,28.361184,3.9722732,-1.474330,2.5628354,1.1437813,Hop-Hornbeam
bark,4.7406272,1.1137682,6.0064829,0.8576028,-.2693598,0.6035245,0.2363269,Hop-Hornbeam
stem,28.361184,6.0064829,35.260483,4.9553482,-1.788988,3.2486167,1.4159611,Hop-Hornbeam
branches,3.9722732,0.8576028,4.9553482,1.2060372,-.0950403,1.1398588,0.2452114,Hop-Hornbeam
foliage,-1.474330,-.2693598,-1.788988,-.0950403,0.2138510,0.1218972,-.0469057,Hop-Hornbeam
crown,2.5628354,0.6035245,3.2486167,1.1398588,0.1218972,1.2945343,0.2034574,Hop-Hornbeam
total,1.1437813,0.2363269,1.4159611,0.2452114,-.0469057,0.2034574,0.0678775,Hop-Hornbeam
wood,0.0282453,0.0011121,0.0304160,-.0004662,0.0003766,-.0007241,0.0235724,Jack Pine
bark,0.0011121,0.0001334,0.0013070,-.0000192,0.0000405,-.0000250,0.0010340,Jack Pine
stem,0.0304160,0.0013070,0.0328883,-.0005024,0.0004440,-.0007737,0.0255100,Jack Pine
branches,-.0004662,-.0000192,-.0005024,0.0001109,0.0002738,0.0002376,0.0001091,Jack Pine
foliage,0.0003766,0.0000405,0.0004440,0.0002738,0.0016763,0.0007863,0.0020487,Jack Pine
crown,-.0007241,-.0000250,-.0007737,0.0002376,0.0007863,0.0005576,0.0005632,Jack Pine
total,0.0235724,0.0010340,0.0255100,0.0001091,0.0020487,0.0005632,0.0226527,Jack Pine
wood,0.5138093,0.0180325,0.4685069,-.0001229,-.0084003,-.0016034,0.4083250,Largetooth Aspen
bark,0.0180325,0.0034377,0.0240451,-.0000123,-.0009642,-.0001568,0.0207276,Largetooth Aspen
stem,0.4685069,0.0240451,0.4481474,-.0001349,-.0093460,-.0017082,0.3906586,Largetooth Aspen
branches,-.0001229,-.0000123,-.0001349,0.0000064,0.0000628,0.0000306,0.0002048,Largetooth Aspen
foliage,-.0084003,-.0009642,-.0093460,0.0000628,0.0021212,0.0004881,-.0031101,Largetooth Aspen
crown,-.0016034,-.0001568,-.0017082,0.0000306,0.0004881,0.0001799,0.0004247,Largetooth Aspen
total,0.4083250,0.0207276,0.3906586,0.0002048,-.0031101,0.0004247,0.3644521,Largetooth Aspen
wood,0.0081855,0.0018991,0.0142405,-.0007200,-.0015334,-.0022824,0.0145031,Lodgepole Pine
bark,0.0018991,0.0015313,0.0036793,-.0001063,-.0003091,-.0003526,0.0041615,Lodgepole Pine
stem,0.0142405,0.0036793,0.0250220,-.0012069,-.0024686,-.0038025,0.0258766,Lodgepole Pine
branches,-.0007200,-.0001063,-.0012069,0.0003532,0.0006944,0.0010844,0.0002639,Lodgepole Pine
foliage,-.0015334,-.0003091,-.0024686,0.0006944,0.0036703,0.0029740,0.0017959,Lodgepole Pine
crown,-.0022824,-.0003526,-.0038025,0.0010844,0.0029740,0.0036737,0.0012848,Lodgepole Pine
total,0.0145031,0.0041615,0.0258766,0.0002639,0.0017959,0.0012848,0.0357381,Lodgepole Pine
wood,2.2095657,0.1455430,2.4265098,0.0527375,0.6369123,0.0083941,3.6154168,Red Ash
bark,0.1455430,0.0148693,0.1698199,0.0017408,0.0202764,0.0001043,0.2446558,Red Ash
stem,2.4265098,0.1698199,2.6838368,0.0544898,0.6593718,0.0083768,3.9826661,Red Ash
branches,0.0527375,0.0017408,0.0544898,0.0225104,0.1460694,0.0036020,0.1695514,Red Ash
foliage,0.6369123,0.0202764,0.6593718,0.1460694,2.6897812,0.0288040,1.6253484,Red Ash
crown,0.0083941,0.0001043,0.0083768,0.0036020,0.0288040,0.0006504,0.0266412,Red Ash
total,3.6154168,0.2446558,3.9826661,0.1695514,1.6253484,0.0266412,6.2880674,Red Ash
wood,0.0014961,0.0001855,0.0019318,0.0001047,0.0003803,0.0001906,0.0021839,Red Maple
bark,0.0001855,0.0000583,0.0002792,-.0000546,0.0000840,-.0000534,0.0002880,Red Maple
stem,0.0019318,0.0002792,0.0025418,0.0000610,0.0005084,0.0001595,0.0028271,Red Maple
branches,0.0001047,-.0000546,0.0000610,0.0027203,0.0052972,0.0037766,0.0015222,Red Maple
foliage,0.0003803,0.0000840,0.0005084,0.0052972,0.0262554,0.0088063,0.0044013,Red Maple
crown,0.0001906,-.0000534,0.0001595,0.0037766,0.0088063,0.0054348,0.0023493,Red Maple
total,0.0021839,0.0002880,0.0028271,0.0015222,0.0044013,0.0023493,0.0049714,Red Maple
wood,0.0722322,0.0155682,0.1041945,0.0008668,0.0018910,0.0011797,0.0441007,Red Oak
bark,0.0155682,0.0171938,0.0311931,-.0015131,0.0005496,-.0014585,0.0105232,Red Oak
stem,0.1041945,0.0311931,0.1559585,0.0002438,0.0028762,0.0006907,0.0642120,Red Oak
branches,0.0008668,-.0015131,0.0002438,0.0028719,0.0006210,0.0030663,0.0047054,Red Oak
foliage,0.0018910,0.0005496,0.0028762,0.0006210,0.0012094,0.0008603,0.0024174,Red Oak
crown,0.0011797,-.0014585,0.0006907,0.0030663,0.0008603,0.0033182,0.0052636,Red Oak
total,0.0441007,0.0105232,0.0642120,0.0047054,0.0024174,0.0052636,0.0344322,Red Oak
wood,0.0019968,0.0002999,0.0020772,-.0001536,-.0013696,-.0004656,0.0029745,Red Pine
bark,0.0002999,0.0000776,0.0003252,-.0000173,-.0001835,-.0000579,0.0004732,Red Pine
stem,0.0020772,0.0003252,0.0021667,-.0001571,-.0014164,-.0004790,0.0031012,Red Pine
branches,-.0001536,-.0000173,-.0001571,0.0000482,0.0002447,0.0001187,-.0001189,Red Pine
foliage,-.0013696,-.0001835,-.0014164,0.0002447,0.0035071,0.0009270,-.0012470,Red Pine
crown,-.0004656,-.0000579,-.0004790,0.0001187,0.0009270,0.0003463,-.0003792,Red Pine
total,0.0029745,0.0004732,0.0031012,-.0001189,-.0012470,-.0003792,0.0051667,Red Pine
wood,0.0150060,0.0002726,0.0304970,0.0008220,0.0011160,0.0010078,0.0088380,Red Spruce
bark,0.0002726,0.0000150,0.0006355,0.0000156,0.0000210,0.0000189,0.0001844,Red Spruce
stem,0.0304970,0.0006355,0.0630469,0.0017098,0.0022898,0.0020802,0.0181171,Red Spruce
branches,0.0008220,0.0000156,0.0017098,0.0002625,0.0003401,0.0003174,0.0008331,Red Spruce
foliage,0.0011160,0.0000210,0.0022898,0.0003401,0.0004848,0.0004359,0.0011409,Red Spruce
crown,0.0010078,0.0000189,0.0020802,0.0003174,0.0004359,0.0003986,0.0010343,Red Spruce
total,0.0088380,0.0001844,0.0181171,0.0008331,0.0011409,0.0010343,0.0058642,Red Spruce
wood,6.4905930,0.0267342,6.1090107,-.0008247,-2.445293,-.0120226,0.8804609,Silver Maple
bark,0.0267342,0.0002726,0.0270830,0.0000230,0.0095970,0.0002716,0.0054608,Silver Maple
stem,6.1090107,0.0270830,5.7763492,-.0004191,-1.993800,-.0068542,0.8557682,Silver Maple
branches,-.0008247,0.0000230,-.0004191,0.0000599,0.0127596,0.0005827,0.0023931,Silver Maple
foliage,-2.445293,0.0095970,-1.993800,0.0127596,10.043643,0.1601816,0.4936078,Silver Maple
crown,-.0120226,0.0002716,-.0068542,0.0005827,0.1601816,0.0063740,0.0264288,Silver Maple
total,0.8804609,0.0054608,0.8557682,0.0023931,0.4936078,0.0264288,0.2734608,Silver Maple
wood,0.0261665,0.0251367,0.0566850,-.0003295,-.0007280,-.0004813,0.0391272,Sugar Maple
bark,0.0251367,0.0877275,0.0708302,-.0031160,-.0038222,-.0033085,0.0387494,Sugar Maple
stem,0.0566850,0.0708302,0.1278571,-.0012875,-.0021296,-.0015902,0.0857360,Sugar Maple
branches,-.0003295,-.0031160,-.0012875,0.0024682,0.0017379,0.0025460,0.0063744,Sugar Maple
foliage,-.0007280,-.0038222,-.0021296,0.0017379,0.0025077,0.0019615,0.0041486,Sugar Maple
crown,-.0004813,-.0033085,-.0015902,0.0025460,0.0019615,0.0026628,0.0063833,Sugar Maple
total,0.0391272,0.0387494,0.0857360,0.0063744,0.0041486,0.0063833,0.0828162,Sugar Maple
wood,0.0065458,0.0005825,0.0067382,-.0005701,-.0006244,-.0018808,0.0050583,Tamarack Larch
bark,0.0005825,0.0001255,0.0006477,-.0000497,-.0001491,-.0001916,0.0004852,Tamarack Larch
stem,0.0067382,0.0006477,0.0069689,-.0005859,-.0007267,-.0019562,0.0052290,Tamarack Larch
branches,-.0005701,-.0000497,-.0005859,0.0002697,0.0008109,0.0009388,-.0000223,Tamarack Larch
foliage,-.0006244,-.0001491,-.0007267,0.0008109,0.0103519,0.0049168,0.0020238,Tamarack Larch
crown,-.0018808,-.0001916,-.0019562,0.0009388,0.0049168,0.0039430,0.0003768,Tamarack Larch
total,0.0050583,0.0004852,0.0052290,-.0000223,0.0020238,0.0003768,0.0052246,Tamarack Larch
wood,0.0082872,0.0006143,0.0085697,-.0000150,0.0025934,0.0000934,0.0114528,Trembling Aspen
bark,0.0006143,0.0001262,0.0007913,0.0000084,0.0001513,0.0000209,0.0010447,Trembling Aspen
stem,0.0085697,0.0007913,0.0091785,-.0000055,0.0026015,0.0001117,0.0122356,Trembling Aspen
branches,-.0000150,0.0000084,-.0000055,0.0001183,0.0011525,0.0004636,0.0004825,Trembling Aspen
foliage,0.0025934,0.0001513,0.0026015,0.0011525,0.0327659,0.0063546,0.0105963,Trembling Aspen
crown,0.0000934,0.0000209,0.0001117,0.0004636,0.0063546,0.0020763,0.0024077,Trembling Aspen
total,0.0114528,0.0010447,0.0122356,0.0004825,0.0105963,0.0024077,0.0199050,Trembling Aspen
wood,0.0090548,0.0045279,0.0102847,-.0000158,0.0022310,0.0000773,0.0161716,White Ash
bark,0.0045279,0.0061665,0.0059623,-.0001415,0.0039429,-.0002520,0.0092484,White Ash
stem,0.0102847,0.0059623,0.0118748,-.0000631,0.0028104,-.0000021,0.0185711,White Ash
branches,-.0000158,-.0001415,-.0000631,0.0018753,0.0149382,0.0042437,0.0034999,White Ash
foliage,0.0022310,0.0039429,0.0028104,0.0149382,0.4436804,0.0379816,0.0371402,White Ash
crown,0.0000773,-.0002520,-.0000021,0.0042437,0.0379816,0.0098549,0.0082904,White Ash
total,0.0161716,0.0092484,0.0185711,0.0034999,0.0371402,0.0082904,0.0362686,White Ash
wood,0.0118785,0.0010409,0.0114511,-.0002250,-.0025003,-.0009013,0.0071011,White Birch
bark,0.0010409,0.0002017,0.0011680,-.0000288,-.0003316,-.0001186,0.0006869,White Birch
stem,0.0114511,0.0011680,0.0112885,-.0002305,-.0026002,-.0009322,0.0069439,White Birch
branches,-.0002250,-.0000288,-.0002305,0.0000947,0.0004805,0.0002800,0.0002869,White Birch
foliage,-.0025003,-.0003316,-.0026002,0.0004805,0.0088470,0.0021521,0.0015912,White Birch
crown,-.0009013,-.0001186,-.0009322,0.0002800,0.0021521,0.0009483,0.0008626,White Birch
total,0.0071011,0.0006869,0.0069439,0.0002869,0.0015912,0.0008626,0.0067027,White Birch
wood,0.0056116,0.0011815,0.0117331,-.0001454,-.0000136,-.0000396,0.0115908,White Elm
bark,0.0011815,0.0020269,0.0040351,-.0003533,0.0000592,-.0002528,0.0036936,White Elm
stem,0.0117331,0.0040351,0.0265352,-.0007338,0.0000715,-.0004209,0.0258457,White Elm
branches,-.0001454,-.0003533,-.0007338,0.0186436,0.0021487,0.0098893,0.0144425,White Elm
foliage,-.0000136,0.0000592,0.0000715,0.0021487,0.0022254,0.0015714,0.0023846,White Elm
crown,-.0000396,-.0002528,-.0004209,0.0098893,0.0015714,0.0053870,0.0077829,White Elm
total,0.0115908,0.0036936,0.0258457,0.0144425,0.0023846,0.0077829,0.0376935,White Elm
wood,0.0002836,0.0001719,0.0002705,0.0001303,0.0001348,0.0002266,0.0005015,White Oak
bark,0.0001719,0.0007202,0.0002161,0.0000920,0.0000952,0.0001843,0.0003927,White Oak
stem,0.0002705,0.0002161,0.0002645,0.0001198,0.0001266,0.0002118,0.0004825,White Oak
branches,0.0001303,0.0000920,0.0001198,0.0002294,0.0001845,0.0003820,0.0003899,White Oak
foliage,0.0001348,0.0000952,0.0001266,0.0001845,0.0002684,0.0003360,0.0003798,White Oak
crown,0.0002266,0.0001843,0.0002118,0.0003820,0.0003360,0.0006808,0.0006954,White Oak
total,0.0005015,0.0003927,0.0004825,0.0003899,0.0003798,0.0006954,0.0010754,White Oak
wood,0.0001249,0.0000416,0.0001854,-.0000724,-.0009918,-.0003244,0.0004025,White Spruce
bark,0.0000416,0.0000306,0.0000699,-.0000204,-.0004316,-.0001115,0.0001575,White Spruce
stem,0.0001854,0.0000699,0.0002800,-.0001079,-.0015449,-.0004919,0.0006170,White Spruce
branches,-.0000724,-.0000204,-.0001079,0.0005121,0.0041547,0.0019427,0.0003926,White Spruce
foliage,-.0009918,-.0004316,-.0015449,0.0041547,0.1007988,0.0283567,0.0062633,White Spruce
crown,-.0003244,-.0001115,-.0004919,0.0019427,0.0283567,0.0104178,0.0026922,White Spruce
total,0.0004025,0.0001575,0.0006170,0.0003926,0.0062633,0.0026922,0.0031417,White Spruce
wood,3.5072134,0.0884987,3.9108636,0.0066488,0.0245230,0.0468352,2.7073060,Yellow Birch
bark,0.0884987,0.0192428,0.1544975,-.0001086,-.0109839,-.0005319,0.0899485,Yellow Birch
stem,3.9108636,0.1544975,4.5487181,0.0067848,-.0080209,0.0481509,3.0977240,Yellow Birch
branches,0.0066488,-.0001086,0.0067848,0.0004323,0.0060461,0.0024212,0.0197496,Yellow Birch
foliage,0.0245230,-.0109839,-.0080209,0.0060461,0.3125144,0.0431947,0.2793681,Yellow Birch
crown,0.0468352,-.0005319,0.0481509,0.0024212,0.0431947,0.0150362,0.1327632,Yellow Birch
total,2.7073060,0.0899485,3.0977240,0.0197496,0.2793681,0.1327632,2.8970763,Yellow Birch
wood,0.0492577,0.0039595,0.0723608,0.0007136,0.0020583,0.0013165,0.0379809,feuillu
bark,0.0039595,0.0030304,0.0088461,-.0001327,-.0003602,-.0002580,0.0030445,feuillu
stem,0.0723608,0.0088461,0.1099444,0.0008218,0.0025239,0.0015196,0.0556579,feuillu
branches,0.0007136,-.0001327,0.0008218,0.0001808,0.0005318,0.0003265,0.0014615,feuillu
foliage,0.0020583,-.0003602,0.0025239,0.0005318,0.0056111,0.0012905,0.0055596,feuillu
crown,0.0013165,-.0002580,0.0015196,0.0003265,0.0012905,0.0006346,0.0028211,feuillu
total,0.0379809,0.0030445,0.0556579,0.0014615,0.0055596,0.0028211,0.0372834,feuillu
wood,0.0106692,0.0001961,0.0095226,-.0006208,-.0021623,-.0022861,0.0066295,resineux
bark,0.0001961,0.0000242,0.0002326,-.0000082,-.0000274,-.0000291,0.0001831,resineux
stem,0.0095226,0.0002326,0.0086717,-.0005538,-.0019227,-.0020360,0.0060733,resineux
branches,-.0006208,-.0000082,-.0005538,0.0004962,0.0010291,0.0014828,0.0004328,resineux
foliage,-.0021623,-.0000274,-.0019227,0.0010291,0.0066341,0.0055144,0.0018448,resineux
crown,-.0022861,-.0000291,-.0020360,0.0014828,0.0055144,0.0058254,0.0019015,resineux
total,0.0066295,0.0001831,0.0060733,0.0004328,0.0018448,0.0019015,0.0065376,resineux
wood,0.0151625,0.0005420,0.0161111,0.0003352,-.0025105,0.0005901,0.0117582,all
bark,0.0005420,0.0000875,0.0007447,0.0000108,-.0001892,-.0000110,0.0005089,all
stem,0.0161111,0.0007447,0.0175657,0.0003498,-.0029314,0.0005467,0.0127127,all
branches,0.0003352,0.0000108,0.0003498,0.0001370,0.0001887,0.0004290,0.0007743,all
foliage,-.0025105,-.0001892,-.0029314,0.0001887,0.0056789,0.0018630,0.0002042,all
crown,0.0005901,-.0000110,0.0005467,0.0004290,0.0018630,0.0018037,0.0025681,all
total,0.0117582,0.0005089,0.0127127,0.0007743,0.0002042,0.0025681,0.0122626,all
