Equation,s1,s2,s3,s4,s5,s6,s7,ess
wood,0.09247660629105,0.00568689770158,0.07232431728232,0.00083496998422,0.00296587118952,0.00315360221344,0.12254855558779,Alpine Fir
bark,0.00568689770158,0.0018336941047,0.00653149720021,-0.0001492969813,-0.00076208401426,-0.00071992665221,0.00660376421361,Alpine Fir
stem,0.07232431728232,0.00653149720021,0.0595368716964,0.00037232059491,0.00096893468378,0.00116841969954,0.0942611408695,Alpine Fir
branches,0.00083496998422,-0.0001492969813,0.00037232059491,0.00037455700819,0.00100901284719,0.00126138645379,0.00503458045452,Alpine Fir
foliage,0.00296587118952,-0.00076208401426,0.00096893468378,0.00100901284719,0.00403085259061,0.00412130798474,0.01618671113283,Alpine Fir
crown,0.00315360221344,-0.00071992665221,0.00116841969954,0.00126138645379,0.00412130798474,0.00466305315875,0.01787318481513,Alpine Fir
total,0.12254855558779,0.00660376421361,0.0942611408695,0.00503458045452,0.01618671113283,0.01787318481513,0.23801782948861,Alpine Fir
wood,0.00122685626345,0.00017161941077,0.00141073208567,-0.00022008139759,-0.00203705614028,-0.00090292771943,0.00162822398919,Balsam Fir
bark,0.00017161941077,0.00005693137003,0.00023241541865,-0.00002963983231,-0.00040335339539,-0.00015352882719,0.00026111557809,Balsam Fir
stem,0.00141073208567,0.00023241541865,0.00165955833639,-0.00025245997263,-0.0024709528259,-0.00106850988751,0.00190816686795,Balsam Fir
branches,-0.00022008139759,-0.00002963983231,-0.00025245997263,0.00034302904845,0.00176061701169,0.00098700874195,0.00037265019863,Balsam Fir
foliage,-0.00203705614028,-0.00040335339539,-0.0024709528259,0.00176061701169,0.03051022397355,0.01024829475032,0.00427489805682,Balsam Fir
crown,-0.00090292771943,-0.00015352882719,-0.00106850988751,0.00098700874195,0.01024829475032,0.00422982934133,0.00169711438236,Balsam Fir
total,0.00162822398919,0.00026111557809,0.00190816686795,0.00037265019863,0.00427489805682,0.00169711438236,0.00474072273711,Balsam Fir
wood,0.00075240570291,0.00019684731569,0.00194125908505,0.00008020024998,0.00003546163624,0.00007305849701,0.00177248553982,Balsam Poplar
bark,0.00019684731569,0.00031996683069,0.00072571220542,-0.00003589383017,-0.00006668819734,-0.00002822452278,0.0005556512826,Balsam Poplar
stem,0.00194125908505,0.00072571220542,0.00537059540382,0.00015912667423,0.0000263950812,0.00013665443289,0.00477030634476,Balsam Poplar
branches,0.00008020024998,-0.00003589383017,0.00015912667423,0.00023691592321,0.00019375383043,0.00021114069639,0.00053112829862,Balsam Poplar
foliage,0.00003546163624,-0.00006668819734,0.0000263950812,0.00019375383043,0.00045544583716,0.00021456081583,0.00041137660076,Balsam Poplar
crown,0.00007305849701,-0.00002822452278,0.00013665443289,0.00021114069639,0.00021456081583,0.00019826564159,0.00048147858266,Balsam Poplar
total,0.00177248553982,0.0005556512826,0.00477030634476,0.00053112829862,0.00041137660076,0.00048147858266,0.00491425117869,Balsam Poplar
wood,0.02749471285437,0.00502803722135,0.0374434989664,0.00134303612793,0.00022779428489,0.00204033831278,0.04968745362121,Basswood
bark,0.00502803722135,0.00394004820724,0.00978906817432,0.0005269238618,0.00069919471043,0.00090477134513,0.01301683570802,Basswood
stem,0.0374434989664,0.00978906817432,0.05387582506645,0.00208299157968,0.00087664674251,0.00324801771815,0.07163698149906,Basswood
branches,0.00134303612793,0.0005269238618,0.00208299157968,0.00094508381624,0.00067609312229,0.00148742421248,0.00706512279289,Basswood
foliage,0.00022779428489,0.00069919471043,0.00087664674251,0.00067609312229,0.0029615076525,0.00162704478065,0.00537043146414,Basswood
crown,0.00204033831278,0.00090477134513,0.00324801771815,0.00148742421248,0.00162704478065,0.00248060149907,0.01138568514184,Basswood
total,0.04968745362121,0.01301683570802,0.07163698149906,0.00706512279289,0.00537043146414,0.01138568514184,0.17549394959962,Basswood
wood,0.3005637349952,0.00728330293878,0.31449927256097,0.00782186411649,0.04923050111713,0.01942177629265,0.33315123539197,Beech
bark,0.00728330293878,0.00060503829918,0.00856298123401,-0.000087091514,-0.00036431003302,-0.00016545965346,0.00755301846687,Beech
stem,0.31449927256097,0.00856298123401,0.3311808451128,0.00762778164186,0.04839151881589,0.01904573425845,0.34771554007063,Beech
branches,0.00782186411649,-0.000087091514,0.00762778164186,0.00410542844495,0.02108918417681,0.00937029300228,0.02802878577716,Beech
foliage,0.04923050111713,-0.00036431003302,0.04839151881589,0.02108918417681,0.20037103823512,0.05184675754271,0.16378290857379,Beech
crown,0.01942177629265,-0.00016545965346,0.01904573425845,0.00937029300228,0.05184675754271,0.02169000719906,0.06660285643948,Beech
total,0.33315123539197,0.00755301846687,0.34771554007063,0.02802878577716,0.16378290857379,0.06660285643948,0.4719835664152,Beech
wood,0.00327815245133,0.00466469818393,0.00746022350063,0.00004851847513,-0.00137310043306,-0.00011510121175,0.00457339068634,Black Ash
bark,0.00466469818393,0.01919516170665,0.01401646425488,-0.00064416966073,-0.00476442446537,-0.00141612047619,0.00727484169946,Black Ash
stem,0.00746022350063,0.01401646425488,0.0182030534168,-0.00018036390657,-0.00381157554988,-0.00071977982846,0.01058143651757,Black Ash
branches,0.00004851847513,-0.00064416966073,-0.00018036390657,0.00110647991756,0.00664795807621,0.00205021715301,0.00146951496537,Black Ash
foliage,-0.00137310043306,-0.00476442446537,-0.00381157554988,0.00664795807621,0.05418964867859,0.01320180444981,0.00707764218143,Black Ash
crown,-0.00011510121175,-0.00141612047619,-0.00071977982846,0.00205021715301,0.01320180444981,0.00388770796891,0.00248115282103,Black Ash
total,0.00457339068634,0.00727484169946,0.01058143651757,0.00146951496537,0.00707764218143,0.00248115282103,0.0085015365583,Black Ash
wood,22.3981359611853,1.86423201789406,26.1576213798003,0.04106687904209,1.26501843159088,0.03669195472072,32.4121342142681,Black Cherry
bark,1.86423201789406,0.4492306013363,2.48492784875045,0.00320743187819,-0.12954147581224,0.00283084714655,2.84786204836678,Black Cherry
stem,26.1576213798003,2.48492784875045,30.871824934447,0.04737096371951,1.2193310886203,0.04224893544513,37.9970107580192,Black Cherry
branches,0.04106687904209,0.00320743187819,0.04737096371951,0.00148220755457,0.04210086416917,0.00133695970018,0.17694783554553,Black Cherry
foliage,1.26501843159088,-0.12954147581224,1.2193310886203,0.04210086416917,5.88415128577089,0.04124689168547,5.80382432936347,Black Cherry
crown,0.03669195472072,0.00283084714655,0.04224893544513,0.00133695970018,0.04124689168547,0.00124127829729,0.15496638372268,Black Cherry
total,32.4121342142681,2.84786204836678,37.9970107580192,0.17694783554553,5.80382432936347,0.15496638372268,60.7665171067813,Black Cherry
wood,0.01181321110513,0.00143250531539,0.01481874613224,-0.00154597773996,-0.00275835643747,-0.00422189751129,0.00681777823625,Black Spruce
bark,0.00143250531539,0.00057507087319,0.00212350517413,-0.0002483636741,-0.00066538805955,-0.00082362709424,0.00087865147142,Black Spruce
stem,0.01481874613224,0.00212350517413,0.01885935515783,-0.00198981431676,-0.00371998253258,-0.00554606807465,0.00858973018458,Black Spruce
branches,-0.00154597773996,-0.0002483636741,-0.00198981431676,0.00167348403918,0.00279595072213,0.00444838776954,0.00133204876006,Black Spruce
foliage,-0.00275835643747,-0.00066538805955,-0.00371998253258,0.00279595072213,0.01047542601784,0.01148582637887,0.00460324954645,Black Spruce
crown,-0.00422189751129,-0.00082362709424,-0.00554606807465,0.00444838776954,0.01148582637887,0.0147076251936,0.00528509091018,Black Spruce
total,0.00681777823625,0.00087865147142,0.00858973018458,0.00133204876006,0.00460324954645,0.00528509091018,0.009102808632,Black Spruce
wood,0.00045220611434,0.00013634150956,0.00074288681841,0.00008261560882,0.00009404334943,0.00021110032397,0.00214501100644,Eastern Hemlock
bark,0.00013634150956,0.00009559347238,0.00025981176451,3.7897416190613E-6,6.9941208151728E-8,1.3785597953732E-6,0.00068578021349,Eastern Hemlock
stem,0.00074288681841,0.00025981176451,0.0012577995872,0.00012084559691,0.0001374126646,0.00031157167569,0.00368635123201,Eastern Hemlock
branches,0.00008261560882,3.7897416190613E-6,0.00012084559691,0.00363078634983,0.00120471607044,0.00594640161363,0.00392554515022,Eastern Hemlock
foliage,0.00009404334943,6.9941208151728E-8,0.0001374126646,0.00120471607044,0.00099808059741,0.0026703826208,0.00206867118508,Eastern Hemlock
crown,0.00021110032397,1.3785597953732E-6,0.00031157167569,0.00594640161363,0.0026703826208,0.01057772667026,0.00733475689843,Eastern Hemlock
total,0.00214501100644,0.00068578021349,0.00368635123201,0.00392554515022,0.00206867118508,0.00733475689843,0.01555253511175,Eastern Hemlock
wood,0.28767128569017,0.03668355489934,0.37635029849093,-0.01698620358072,-0.00417522101016,-0.05156378372042,0.37140188944434,Eastern Red Cedar
bark,0.03668355489934,0.01500855149902,0.05456215687612,0.00025734267221,0.00235949621428,0.00619096706933,0.09721157793308,Eastern Red Cedar
stem,0.37635029849093,0.05456215687612,0.49670560170552,-0.02122461914308,-0.00405067274884,-0.06167026296854,0.51104677059411,Eastern Red Cedar
branches,-0.01698620358072,0.00025734267221,-0.02122461914308,0.0152467306252,0.00584284068314,0.04984325364989,0.11328930824729,Eastern Red Cedar
foliage,-0.00417522101016,0.00235949621428,-0.00405067274884,0.00584284068314,0.01195792024492,0.03595998298364,0.09179231091426,Eastern Red Cedar
crown,-0.05156378372042,0.00619096706933,-0.06167026296854,0.04984325364989,0.03595998298364,0.19642008762101,0.47889041460862,Eastern Red Cedar
total,0.37140188944434,0.09721157793308,0.51104677059411,0.11328930824729,0.09179231091426,0.47889041460862,2.12098156950548,Eastern Red Cedar
wood,0.02686551502658,0.00113998391362,0.02124754873174,0.00009393135624,0.00117382844722,0.00070748815701,0.02369868400931,Eastern White Cedar
bark,0.00113998391362,0.00018262611024,0.00111830515813,0.00001693176047,0.00014342394974,0.00010558438901,0.00137333096496,Eastern White Cedar
stem,0.02124754873174,0.00111830515813,0.01718221969778,0.00010564531414,0.00105350568512,0.00068142177693,0.01934783888577,Eastern White Cedar
branches,0.00009393135624,0.00001693176047,0.00010564531414,0.00038566224943,0.00069440920046,0.00101246076174,0.00188850799662,Eastern White Cedar
foliage,0.00117382844722,0.00014342394974,0.00105350568512,0.00069440920046,0.00212002134482,0.00233222104784,0.00537374957011,Eastern White Cedar
crown,0.00070748815701,0.00010558438901,0.00068142177693,0.00101246076174,0.00233222104784,0.00296735459595,0.00604588713889,Eastern White Cedar
total,0.02369868400931,0.00137333096496,0.01934783888577,0.00188850799662,0.00537374957011,0.00604588713889,0.03146264859418,Eastern White Cedar
wood,0.46290612151806,0.00697782357086,0.39891683998016,-0.00967459369266,-0.00593588182478,-0.00707646197186,0.35926376637267,Eastern White Pine
bark,0.00697782357086,0.00024721525336,0.00672446974874,-0.00023520077757,-0.00017393970798,-0.00019476335695,0.0056480844094,Eastern White Pine
stem,0.39891683998016,0.00672446974874,0.34759151258391,-0.00877513745188,-0.00549528627243,-0.00650652708443,0.31105676597087,Eastern White Pine
branches,-0.00967459369266,-0.00023520077757,-0.00877513745188,0.00094277011993,0.00058951256919,0.00071196168732,-0.00304050515018,Eastern White Pine
foliage,-0.00593588182478,-0.00017393970798,-0.00549528627243,0.00058951256919,0.00090720294636,0.00061530747434,-0.00095443411756,Eastern White Pine
crown,-0.00707646197186,-0.00019476335695,-0.00650652708443,0.00071196168732,0.00061530747434,0.0006076971049,-0.00202335463475,Eastern White Pine
total,0.35926376637267,0.0056480844094,0.31105676597087,-0.00304050515018,-0.00095443411756,-0.00202335463475,0.31417431870111,Eastern White Pine
wood,0.00567683387026,0.00069948851164,0.0060096613724,0.00006887586705,0.00010306459058,0.00012891360273,0.0025277088457,Grey Birch
bark,0.00069948851164,0.0002307326733,0.00090765105478,0.00005813087982,0.00003969183485,0.00008966546739,0.00044773797646,Grey Birch
stem,0.0060096613724,0.00090765105478,0.00655657224194,0.0001229770036,0.00013526797086,0.00021059870723,0.00283010806823,Grey Birch
branches,0.00006887586705,0.00005813087982,0.0001229770036,0.00019582196452,0.00012991381568,0.00030035361546,0.000295535979,Grey Birch
foliage,0.00010306459058,0.00003969183485,0.00013526797086,0.00012991381568,0.00009679863089,0.00020269688851,0.00021967055392,Grey Birch
crown,0.00012891360273,0.00008966546739,0.00021059870723,0.00030035361546,0.00020269688851,0.0004619180621,0.0004632598983,Grey Birch
total,0.0025277088457,0.00044773797646,0.00283010806823,0.000295535979,0.00021967055392,0.0004632598983,0.00156508595452,Grey Birch
wood,1.77331948468914,0.06701455397917,1.85988100033335,0.01181914388194,0.52090754714397,0.01364747786322,1.32248116211893,Hickory
bark,0.06701455397917,0.00648062928011,0.07839559261851,-0.00024979821045,-0.06122447044416,-0.00033842571109,0.04279235852562,Hickory
stem,1.85988100033335,0.07839559261851,1.96750489999221,0.01092037201211,0.37152423196364,0.01249854701494,1.37129598893502,Hickory
branches,0.01181914388194,-0.00024979821045,0.01092037201211,0.00121658888251,0.06813662265355,0.0014631603578,0.02623999894967,Hickory
foliage,0.52090754714397,-0.06122447044416,0.37152423196364,0.06813662265355,14.3182616300997,0.08925279793745,1.60687298660536,Hickory
crown,0.01364747786322,-0.00033842571109,0.01249854701494,0.0014631603578,0.08925279793745,0.00178217097509,0.03126743564243,Hickory
total,1.32248116211893,0.04279235852562,1.37129598893502,0.02623999894967,1.60687298660536,0.03126743564243,1.29345579910549,Hickory
wood,22.9024358791493,4.74062717626208,28.36,3.97227323286794,-1.47433028428959,2.56283538998513,1.14378130560739,Hop-Hornbeam
bark,4.74062717626208,1.1137682041013,6.00648292480017,0.85760275854562,-0.26935981918357,0.6035245215524,0.23632687907403,Hop-Hornbeam
stem,28.36,6.00648292480017,35.2604825639735,4.95534821044613,-1.78898829890859,3.24861672414778,1.41596112101868,Hop-Hornbeam
branches,3.97227323286794,0.85760275854562,4.95534821044613,1.20603717315372,-0.09504027486664,1.13985876687629,0.24521140812589,Hop-Hornbeam
foliage,-1.47433028428959,-0.26935981918357,-1.78898829890859,-0.09504027486664,0.2138509677523,0.12189719889692,-0.04690565793879,Hop-Hornbeam
crown,2.56283538998513,0.6035245215524,3.24861672414778,1.13985876687629,0.12189719889692,1.29453430649761,0.20345740678597,Hop-Hornbeam
total,1.14378130560739,0.23632687907403,1.41596112101868,0.24521140812589,-0.04690565793879,0.20345740678597,0.06787747652751,Hop-Hornbeam
wood,0.02824534840672,0.00111212111205,0.03041595221177,-0.00046617037631,0.00037661021309,-0.00072411543444,0.02357244264714,Jack Pine
bark,0.00111212111205,0.00013341858583,0.00130703812656,-0.00001921151289,0.0000404501742,-0.00002497953658,0.00103402371098,Jack Pine
stem,0.03041595221177,0.00130703812656,0.03288827997412,-0.0005023690567,0.00044403208481,-0.0007737115182,0.02550996959386,Jack Pine
branches,-0.00046617037631,-0.00001921151289,-0.0005023690567,0.00011088312442,0.00027376981689,0.00023762174141,0.00010908095539,Jack Pine
foliage,0.00037661021309,0.0000404501742,0.00044403208481,0.00027376981689,0.00167632517451,0.00078625552305,0.00204871773964,Jack Pine
crown,-0.00072411543444,-0.00002497953658,-0.0007737115182,0.00023762174141,0.00078625552305,0.00055757029584,0.00056316627578,Jack Pine
total,0.02357244264714,0.00103402371098,0.02550996959386,0.00010908095539,0.00204871773964,0.00056316627578,0.02265274607887,Jack Pine
wood,0.51380930150169,0.01803249326774,0.4685069341894,-0.0001228999968,-0.00840027186309,-0.00160340610904,0.40832501383508,Largetooth Aspen
bark,0.01803249326774,0.00343769549193,0.0240451125773,-0.00001234579404,-0.00096420746238,-0.00015682416821,0.02072763440025,Largetooth Aspen
stem,0.4685069341894,0.0240451125773,0.4481474366674,-0.0001349048143,-0.00934597730147,-0.00170817183112,0.39065863955928,Largetooth Aspen
branches,-0.0001228999968,-0.00001234579404,-0.0001349048143,6.3512493611487E-6,0.00006277467922,0.00003055182455,0.00020476846922,Largetooth Aspen
foliage,-0.00840027186309,-0.00096420746238,-0.00934597730147,0.00006277467922,0.00212123229005,0.00048806032452,-0.00311009137531,Largetooth Aspen
crown,-0.00160340610904,-0.00015682416821,-0.00170817183112,0.00003055182455,0.00048806032452,0.00017985797168,0.00042469705684,Largetooth Aspen
total,0.40832501383508,0.02072763440025,0.39065863955928,0.00020476846922,-0.00311009137531,0.00042469705684,0.36445211802297,Largetooth Aspen
wood,0.00818548486152,0.00189911790945,0.01424054756255,-0.00071997231247,-0.00153340461561,-0.00228238011791,0.01450306679289,Lodgepole Pine
bark,0.00189911790945,0.00153125373797,0.00367926759177,-0.00010632817533,-0.00030912486326,-0.00035258595309,0.0041615276177,Lodgepole Pine
stem,0.01424054756255,0.00367926759177,0.02502200931712,-0.00120689790366,-0.00246859535785,-0.00380249778576,0.02587657220922,Lodgepole Pine
branches,-0.00071997231247,-0.00010632817533,-0.00120689790366,0.00035319702054,0.00069438262749,0.00108439639563,0.00026388717593,Lodgepole Pine
foliage,-0.00153340461561,-0.00030912486326,-0.00246859535785,0.00069438262749,0.0036702660272,0.00297396194453,0.00179591905645,Lodgepole Pine
crown,-0.00228238011791,-0.00035258595309,-0.00380249778576,0.00108439639563,0.00297396194453,0.00367366849112,0.00128484652348,Lodgepole Pine
total,0.01450306679289,0.0041615276177,0.02587657220922,0.00026388717593,0.00179591905645,0.00128484652348,0.03573806544326,Lodgepole Pine
wood,2.20956574165318,0.14554299128923,2.42650984479311,0.05273745982779,0.63691229493828,0.00839410220768,3.61541676271323,Red Ash
bark,0.14554299128923,0.01486932398988,0.16981986938239,0.00174082045645,0.02027638044566,0.00010426674008,0.24465582179622,Red Ash
stem,2.42650984479311,0.16981986938239,2.68383684539204,0.05448980955989,0.65937177057235,0.00837680887297,3.98266608955448,Red Ash
branches,0.05273745982779,0.00174082045645,0.05448980955989,0.02251042653482,0.14606939853839,0.00360197818732,0.16955136559485,Red Ash
foliage,0.63691229493828,0.02027638044566,0.65937177057235,0.14606939853839,2.68978115355962,0.02880404614906,1.62534839251485,Red Ash
crown,0.00839410220768,0.00010426674008,0.00837680887297,0.00360197818732,0.02880404614906,0.00065037492203,0.02664124066663,Red Ash
total,3.61541676271323,0.24465582179622,3.98266608955448,0.16955136559485,1.62534839251485,0.02664124066663,6.28806743171529,Red Ash
wood,0.00149612755791,0.0001854512145,0.00193182873527,0.0001046863577,0.00038025430665,0.00019062923023,0.00218386238164,Red Maple
bark,0.0001854512145,0.00005834140804,0.00027922609364,-0.0000546200896,0.00008398628102,-0.00005340343116,0.00028800338363,Red Maple
stem,0.00193182873527,0.00027922609364,0.00254180179408,0.00006098954419,0.00050839968978,0.00015952830644,0.00282707054899,Red Maple
branches,0.0001046863577,-0.0000546200896,0.00006098954419,0.00272030010014,0.00529721839077,0.00377660458933,0.00152223329507,Red Maple
foliage,0.00038025430665,0.00008398628102,0.00050839968978,0.00529721839077,0.02625536260381,0.00880633263845,0.00440133434895,Red Maple
crown,0.00019062923023,-0.00005340343116,0.00015952830644,0.00377660458933,0.00880633263845,0.00543484134099,0.00234933811199,Red Maple
total,0.00218386238164,0.00028800338363,0.00282707054899,0.00152223329507,0.00440133434895,0.00234933811199,0.00497142620256,Red Maple
wood,0.0722321976514,0.01556819066828,0.10419448869256,0.000866800567,0.00189095270852,0.00117973829342,0.04410073590843,Red Oak
bark,0.01556819066828,0.01719381980271,0.0311931068235,-0.0015131421827,0.0005495500357,-0.00145851293347,0.01052315366384,Red Oak
stem,0.10419448869256,0.0311931068235,0.15595848283571,0.0002437626426,0.00287622757564,0.00069073203196,0.06421195262932,Red Oak
branches,0.000866800567,-0.0015131421827,0.0002437626426,0.00287191529295,0.00062096214395,0.00306625429521,0.00470541731969,Red Oak
foliage,0.00189095270852,0.0005495500357,0.00287622757564,0.00062096214395,0.00120937765728,0.00086029977073,0.00241738429503,Red Oak
crown,0.00117973829342,-0.00145851293347,0.00069073203196,0.00306625429521,0.00086029977073,0.00331821862942,0.00526362737766,Red Oak
total,0.04410073590843,0.01052315366384,0.06421195262932,0.00470541731969,0.00241738429503,0.00526362737766,0.03443222604253,Red Oak
wood,0.00199683582395,0.00029988833278,0.00207715490561,-0.00015356832064,-0.0013695560983,-0.00046561229525,0.00297447373572,Red Pine
bark,0.00029988833278,0.00007758762384,0.00032520947605,-0.00001725770883,-0.00018348151281,-0.0000579183235,0.0004732477026,Red Pine
stem,0.00207715490561,0.00032520947605,0.0021667351502,-0.00015712685392,-0.00141642571727,-0.00047904987693,0.00310120535113,Red Pine
branches,-0.00015356832064,-0.00001725770883,-0.00015712685392,0.00004815831036,0.00024470949269,0.00011873484448,-0.00011889634722,Red Pine
foliage,-0.0013695560983,-0.00018348151281,-0.00141642571727,0.00024470949269,0.00350714373648,0.00092702715647,-0.00124697491367,Red Pine
crown,-0.00046561229525,-0.0000579183235,-0.00047904987693,0.00011873484448,0.00092702715647,0.00034627208211,-0.00037921750383,Red Pine
total,0.00297447373572,0.0004732477026,0.00310120535113,-0.00011889634722,-0.00124697491367,-0.00037921750383,0.00516672561343,Red Pine
wood,0.01500598869267,0.00027255681492,0.03049699639679,0.00082204188503,0.00111603523357,0.00100781729166,0.00883796798899,Red Spruce
bark,0.00027255681492,0.00001496658713,0.000635486349,0.00001564859463,0.00002104217267,0.00001893732708,0.0001844225133,Red Spruce
stem,0.03049699639679,0.000635486349,0.06304686143828,0.00170984868996,0.00228980087786,0.00208022206203,0.01811705835598,Red Spruce
branches,0.00082204188503,0.00001564859463,0.00170984868996,0.0002624893059,0.00034014518769,0.00031744261599,0.00083309155805,Red Spruce
foliage,0.00111603523357,0.00002104217267,0.00228980087786,0.00034014518769,0.00048480981966,0.00043592091174,0.00114087798086,Red Spruce
crown,0.00100781729166,0.00001893732708,0.00208022206203,0.00031744261599,0.00043592091174,0.00039856507091,0.00103434316005,Red Spruce
total,0.00883796798899,0.0001844225133,0.01811705835598,0.00083309155805,0.00114087798086,0.00103434316005,0.00586415580437,Red Spruce
wood,6.49059297712746,0.02673415983286,6.10901073994242,-0.00082470658262,-2.44529299516707,-0.0120226318127,0.88046087289862,Silver Maple
bark,0.02673415983286,0.00027255962591,0.02708302127925,0.00002295555668,0.00959702738624,0.00027159886764,0.005460841853,Silver Maple
stem,6.10901073994242,0.02708302127925,5.776349175498,-0.00041911504367,-1.99379991341275,-0.00685423762423,0.85576823729195,Silver Maple
branches,-0.00082470658262,0.00002295555668,-0.00041911504367,0.00005989741935,0.01275960898914,0.00058272736678,0.00239305405399,Silver Maple
foliage,-2.44529299516707,0.00959702738624,-1.99379991341275,0.01275960898914,10.0436433592421,0.16018163620192,0.49360781937011,Silver Maple
crown,-0.0120226318127,0.00027159886764,-0.00685423762423,0.00058272736678,0.16018163620192,0.00637397058446,0.02642878479884,Silver Maple
total,0.88046087289862,0.005460841853,0.85576823729195,0.00239305405399,0.49360781937011,0.02642878479884,0.27346080281842,Silver Maple
wood,0.02616648265088,0.02513669481785,0.05668499839616,-0.00032948298249,-0.00072796238961,-0.0004812970108,0.03912718929927,Sugar Maple
bark,0.02513669481785,0.08772754741842,0.07083015658313,-0.00311596438419,-0.00382219435741,-0.00330853569979,0.03874943723129,Sugar Maple
stem,0.05668499839616,0.07083015658313,0.12785710809967,-0.00128748925008,-0.0021296229203,-0.00159023106506,0.08573598390518,Sugar Maple
branches,-0.00032948298249,-0.00311596438419,-0.00128748925008,0.00246816242262,0.00173788819016,0.00254598591767,0.00637441575422,Sugar Maple
foliage,-0.00072796238961,-0.00382219435741,-0.0021296229203,0.00173788819016,0.00250769655696,0.00196147740808,0.00414859669995,Sugar Maple
crown,-0.0004812970108,-0.00330853569979,-0.00159023106506,0.00254598591767,0.00196147740808,0.00266275062067,0.00638329477846,Sugar Maple
total,0.03912718929927,0.03874943723129,0.08573598390518,0.00637441575422,0.00414859669995,0.00638329477846,0.08281622836923,Sugar Maple
wood,0.00654584530098,0.00058251881529,0.00673824074836,-0.00057012475875,-0.00062441118687,-0.00188081547265,0.00505830015224,Tamarack Larch
bark,0.00058251881529,0.00012545727084,0.00064770045046,-0.0000497418972,-0.00014912993529,-0.00019164123534,0.00048520691181,Tamarack Larch
stem,0.00673824074836,0.00064770045046,0.00696885578354,-0.00058588871364,-0.0007267291638,-0.0019561996954,0.00522898093831,Tamarack Larch
branches,-0.00057012475875,-0.0000497418972,-0.00058588871364,0.00026972248109,0.00081091827677,0.00093877017307,-0.00002234556826,Tamarack Larch
foliage,-0.00062441118687,-0.00014912993529,-0.0007267291638,0.00081091827677,0.01035185918492,0.00491680463408,0.00202380911534,Tamarack Larch
crown,-0.00188081547265,-0.00019164123534,-0.0019561996954,0.00093877017307,0.00491680463408,0.00394298924695,0.00037678662552,Tamarack Larch
total,0.00505830015224,0.00048520691181,0.00522898093831,-0.00002234556826,0.00202380911534,0.00037678662552,0.0052245753469,Tamarack Larch
wood,0.00828722074913,0.00061425070412,0.00856968388148,-0.00001502294035,0.00259336831957,0.00009336531282,0.0114528304153,Trembling Aspen
bark,0.00061425070412,0.00012615787181,0.00079130306347,8.4431738183168E-6,0.00015126808082,0.00002092110698,0.00104468944932,Trembling Aspen
stem,0.00856968388148,0.00079130306347,0.00917846166419,-5.4611802113385E-6,0.00260154087649,0.00011174282964,0.01223557172707,Trembling Aspen
branches,-0.00001502294035,8.4431738183168E-6,-5.4611802113385E-6,0.00011828024777,0.00115252215613,0.00046356933032,0.00048248261415,Trembling Aspen
foliage,0.00259336831957,0.00015126808082,0.00260154087649,0.00115252215613,0.03276591582282,0.00635464353061,0.01059631775229,Trembling Aspen
crown,0.00009336531282,0.00002092110698,0.00011174282964,0.00046356933032,0.00635464353061,0.00207627469036,0.0024076858947,Trembling Aspen
total,0.0114528304153,0.00104468944932,0.01223557172707,0.00048248261415,0.01059631775229,0.0024076858947,0.01990495253135,Trembling Aspen
wood,0.00905478960882,0.00452793303296,0.01028469844704,-0.00001575820366,0.00223103979651,0.00007727248147,0.01617161635226,White Ash
bark,0.00452793303296,0.00616649527935,0.0059623320732,-0.00014150541683,0.00394285723227,-0.00025200261182,0.00924837532679,White Ash
stem,0.01028469844704,0.0059623320732,0.01187478010325,-0.00006314815356,0.0028104222778,-2.0549861423459E-6,0.01857111752587,White Ash
branches,-0.00001575820366,-0.00014150541683,-0.00006314815356,0.00187534688156,0.01493820322511,0.00424368528874,0.00349990421147,White Ash
foliage,0.00223103979651,0.00394285723227,0.0028104222778,0.01493820322511,0.44368036118442,0.03798159405338,0.03714016619598,White Ash
crown,0.00007727248147,-0.00025200261182,-2.0549861423459E-6,0.00424368528874,0.03798159405338,0.00985493463873,0.00829039263968,White Ash
total,0.01617161635226,0.00924837532679,0.01857111752587,0.00349990421147,0.03714016619598,0.00829039263968,0.03626859880377,White Ash
wood,0.01187851781406,0.00104087376931,0.01145111704954,-0.00022498791265,-0.00250027496463,-0.00090130330622,0.00710113937539,White Birch
bark,0.00104087376931,0.00020167440677,0.00116799533094,-0.00002882377818,-0.00033156790555,-0.0001185766669,0.00068694786971,White Birch
stem,0.01145111704954,0.00116799533094,0.01128854683689,-0.00023049628864,-0.00260019625441,-0.00093216767398,0.00694389578671,White Birch
branches,-0.00022498791265,-0.00002882377818,-0.00023049628864,0.0000946527565,0.00048048072562,0.00027995229797,0.0002868995847,White Birch
foliage,-0.00250027496463,-0.00033156790555,-0.00260019625441,0.00048048072562,0.00884704559902,0.00215206200526,0.00159122409505,White Birch
crown,-0.00090130330622,-0.0001185766669,-0.00093216767398,0.00027995229797,0.00215206200526,0.00094830722769,0.00086258790959,White Birch
total,0.00710113937539,0.00068694786971,0.00694389578671,0.0002868995847,0.00159122409505,0.00086258790959,0.00670273272221,White Birch
wood,0.00561162818977,0.00118153366883,0.01173313500976,-0.00014538745339,-0.00001362621126,-0.00003960744396,0.01159078022325,White Elm
bark,0.00118153366883,0.00202688660309,0.00403509398627,-0.00035330887208,0.00005923123506,-0.00025277965474,0.00369362403066,White Elm
stem,0.01173313500976,0.00403509398627,0.02653520857264,-0.00073376134388,0.00007149676648,-0.00042094188731,0.02584572964575,White Elm
branches,-0.00014538745339,-0.00035330887208,-0.00073376134388,0.01864358749451,0.00214871801977,0.00988933659471,0.01444250368644,White Elm
foliage,-0.00001362621126,0.00005923123506,0.00007149676648,0.00214871801977,0.00222542637908,0.00157135418525,0.00238458906766,White Elm
crown,-0.00003960744396,-0.00025277965474,-0.00042094188731,0.00988933659471,0.00157135418525,0.00538699896622,0.00778289698757,White Elm
total,0.01159078022325,0.00369362403066,0.02584572964575,0.01444250368644,0.00238458906766,0.00778289698757,0.03769348892571,White Elm
wood,0.00028364827797,0.00017187202968,0.00027052793643,0.00013031023272,0.00013481701954,0.00022663920513,0.00050152340565,White Oak
bark,0.00017187202968,0.00072018318921,0.00021607618392,0.0000920456523,0.00009523493651,0.00018425568988,0.00039270805723,White Oak
stem,0.00027052793643,0.00021607618392,0.00026453514251,0.00011975262986,0.00012655873299,0.00021184410528,0.00048248995796,White Oak
branches,0.00013031023272,0.0000920456523,0.00011975262986,0.00022943265101,0.00018454716781,0.00038195672239,0.00038987519473,White Oak
foliage,0.00013481701954,0.00009523493651,0.00012655873299,0.00018454716781,0.00026838624637,0.00033601417859,0.0003797711182,White Oak
crown,0.00022663920513,0.00018425568988,0.00021184410528,0.00038195672239,0.00033601417859,0.00068084283152,0.00069538198522,White Oak
total,0.00050152340565,0.00039270805723,0.00048248995796,0.00038987519473,0.0003797711182,0.00069538198522,0.0010753714608,White Oak
wood,0.0001248973142,0.00004158674192,0.00018538521904,-0.00007237633457,-0.00099182170797,-0.00032439862782,0.00040252671704,White Spruce
bark,0.00004158674192,0.0000305744357,0.00006987772063,-0.00002035501537,-0.00043157430962,-0.00011146590044,0.00015751962723,White Spruce
stem,0.00018538521904,0.00006987772063,0.00027998858813,-0.00010791694155,-0.00154489632176,-0.00049193510021,0.00061701468896,White Spruce
branches,-0.00007237633457,-0.00002035501537,-0.00010791694155,0.00051211337041,0.00415470369437,0.00194270702944,0.00039258234912,White Spruce
foliage,-0.00099182170797,-0.00043157430962,-0.00154489632176,0.00415470369437,0.10079883390327,0.02835673569567,0.00626325960652,White Spruce
crown,-0.00032439862782,-0.00011146590044,-0.00049193510021,0.00194270702944,0.02835673569567,0.01041777207975,0.00269222568119,White Spruce
total,0.00040252671704,0.00015751962723,0.00061701468896,0.00039258234912,0.00626325960652,0.00269222568119,0.00314167608481,White Spruce
wood,3.50721337898314,0.08849867059617,3.910863551383,0.00664882319742,0.02452298721239,0.04683519797651,2.70730599108636,Yellow Birch
bark,0.08849867059617,0.0192428153392,0.15449746242517,-0.00010857362548,-0.01098393955415,-0.00053191751191,0.08994846572054,Yellow Birch
stem,3.910863551383,0.15449746242517,4.54871811073481,0.00678477231739,-0.00802090226074,0.04815094752973,3.09772397449041,Yellow Birch
branches,0.00664882319742,-0.00010857362548,0.00678477231739,0.00043233858522,0.00604609449136,0.00242123792923,0.01974957186079,Yellow Birch
foliage,0.02452298721239,-0.01098393955415,-0.00802090226074,0.00604609449136,0.31251443572688,0.04319474592343,0.27936813089762,Yellow Birch
crown,0.04683519797651,-0.00053191751191,0.04815094752973,0.00242123792923,0.04319474592343,0.01503624952709,0.13276324446638,Yellow Birch
total,2.70730599108636,0.08994846572054,3.09772397449041,0.01974957186079,0.27936813089762,0.13276324446638,2.89707628139832,Yellow Birch
wood,0.04925769745531,0.00395954280654,0.07236084323187,0.00071364341936,0.00205826695494,0.00131652330115,0.03798085657692,feuillu
bark,0.00395954280654,0.00303035129709,0.00884605117987,-0.00013274286201,-0.00036021712273,-0.00025797498338,0.00304452372665,feuillu
stem,0.07236084323187,0.00884605117987,0.10994441704554,0.00082183638521,0.00252393625742,0.00151958586518,0.05565794506568,feuillu
branches,0.00071364341936,-0.00013274286201,0.00082183638521,0.00018075698061,0.00053184320717,0.00032654929122,0.00146152248437,feuillu
foliage,0.00205826695494,-0.00036021712273,0.00252393625742,0.00053184320717,0.00561114911363,0.0012905084682,0.00555959499055,feuillu
crown,0.00131652330115,-0.00025797498338,0.00151958586518,0.00032654929122,0.0012905084682,0.0006345977688,0.00282113629415,feuillu
total,0.03798085657692,0.00304452372665,0.05565794506568,0.00146152248437,0.00555959499055,0.00282113629415,0.03728344160137,feuillu
wood,0.0106692428813,0.00019613560831,0.00952259317046,-0.00062076208288,-0.00216228690497,-0.00228611345117,0.00662954894146,resineux
bark,0.00019613560831,0.00002424438837,0.00023261473541,-8.2239498413799E-6,-0.00002737454168,-0.00002909910651,0.00018314984242,resineux
stem,0.00952259317046,0.00023261473541,0.00867174575926,-0.00055375476298,-0.00192272897548,-0.00203597348282,0.00607329593361,resineux
branches,-0.00062076208288,-8.2239498413799E-6,-0.00055375476298,0.00049617078845,0.00102911798962,0.00148277814327,0.0004327543731,resineux
foliage,-0.00216228690497,-0.00002737454168,-0.00192272897548,0.00102911798962,0.00663407178363,0.00551440219271,0.00184480867313,resineux
crown,-0.00228611345117,-0.00002909910651,-0.00203597348282,0.00148277814327,0.00551440219271,0.00582536257228,0.0019015418158,resineux
total,0.00662954894146,0.00018314984242,0.00607329593361,0.0004327543731,0.00184480867313,0.0019015418158,0.00653760736586,resineux
wood,0.01516248543674,0.00054198252235,0.01611113966392,0.00033523046047,-0.00251046448018,0.00059013471941,0.01175819580879,all
bark,0.00054198252235,0.00008747164687,0.00074472386655,0.00001081079709,-0.00018924002256,-0.00001097122041,0.00050888469117,all
stem,0.01611113966392,0.00074472386655,0.01756574319525,0.00034982459223,-0.00293139352221,0.00054672281694,0.01271273483389,all
branches,0.00033523046047,0.00001081079709,0.00034982459223,0.00013704134441,0.00018874019383,0.00042899586207,0.00077432267695,all
foliage,-0.00251046448018,-0.00018924002256,-0.00293139352221,0.00018874019383,0.00567886597214,0.0018630200389,0.00020424999159,all
crown,0.00059013471941,-0.00001097122041,0.00054672281694,0.00042899586207,0.0018630200389,0.00180372925167,0.0025681431705,all
total,0.01175819580879,0.00050888469117,0.01271273483389,0.00077432267695,0.00020424999159,0.0025681431705,0.01226263049867,all
