EstType,Parameter,awood,bwood,abark,bbark,abranche,bbranche,afoliage,bfoliage,ess
SUREstim,awood,0.00002150716028,-0.00012288178707,7.6845191450647E-6,-0.00021428181631,1.7189162491048E-7,-6.9835412759769E-6,-4.9795987399535E-6,0.00005458123594,Alpine Fir
SUREstim,bwood,-0.00012288178707,0.0007159687162,-0.00004348219316,0.00122519746997,-2.2571520463857E-6,0.00008358168196,0.00002452422853,-0.00025346025349,Alpine Fir
SUREstim,abark,7.6845191450647E-6,-0.00004348219316,6.8714494656833E-6,-0.0001927320267,-2.0087597244028E-6,0.00005144635205,-6.3355275578939E-6,0.00007684530382,Alpine Fir
SUREstim,bbark,-0.00021428181631,0.00122519746997,-0.0001927320267,0.00546846497093,0.00005714589827,-0.00149138849009,0.00017849095411,-0.00219768761336,Alpine Fir
SUREstim,abranche,1.7189162491048E-7,-2.2571520463857E-6,-2.0087597244028E-6,0.00005714589827,0.00001083554443,-0.00027496278408,0.00002575287371,-0.00031767402264,Alpine Fir
SUREstim,bbranche,-6.9835412759769E-6,0.00008358168196,0.00005144635205,-0.00149138849009,-0.00027496278408,0.00713657546184,-0.00065503810495,0.0082508468208,Alpine Fir
SUREstim,afoliage,-4.9795987399535E-6,0.00002452422853,-6.3355275578939E-6,0.00017849095411,0.00002575287371,-0.00065503810495,0.00007366404367,-0.0009087186107,Alpine Fir
SUREstim,bfoliage,0.00005458123594,-0.00025346025349,0.00007684530382,-0.00219768761336,-0.00031767402264,0.0082508468208,-0.0009087186107,0.01145162065577,Alpine Fir
SUREstim,awood,2.7696773208141E-6,-0.00001675807342,4.1376123998512E-7,-0.00001165317791,-5.9232500603161E-8,2.3844434360058E-6,-1.2640499897572E-6,4.5212541679136E-6,Balsam Fir
SUREstim,bwood,-0.00001675807342,0.0001063718447,-2.5202621949911E-6,0.00007489728438,3.1970658016258E-7,-0.00001530129422,7.659273051087E-6,-0.00003034156368,Balsam Fir
SUREstim,abark,4.1376123998512E-7,-2.5202621949911E-6,1.8231261083598E-7,-5.2693518599777E-6,-1.2752910453277E-8,7.027397127106E-7,-4.4778387790212E-7,1.7712328358663E-6,Balsam Fir
SUREstim,bbark,-0.00001165317791,0.00007489728438,-5.2693518599777E-6,0.00016137169294,5.0099445879765E-7,-0.00003085044045,0.0000133298892,-0.00005781984263,Balsam Fir
SUREstim,abranche,-5.9232500603161E-8,3.1970658016258E-7,-1.2752910453277E-8,5.0099445879765E-7,5.3501003848878E-7,-0.00002502314473,1.4499652545346E-6,-6.1087294495951E-6,Balsam Fir
SUREstim,bbranche,2.3844434360058E-6,-0.00001530129422,7.027397127106E-7,-0.00003085044045,-0.00002502314473,0.00120676122226,-0.00007091624156,0.00032028836173,Balsam Fir
SUREstim,afoliage,-1.2640499897572E-6,7.659273051087E-6,-4.4778387790212E-7,0.0000133298892,1.4499652545346E-6,-0.00007091624156,0.00002109012455,-0.00008706111184,Balsam Fir
SUREstim,bfoliage,4.5212541679136E-6,-0.00003034156368,1.7712328358663E-6,-0.00005781984263,-6.1087294495951E-6,0.00032028836173,-0.00008706111184,0.00039647391392,Balsam Fir
SUREstim,awood,0.00001064696659,-0.00006500432048,2.9238773957729E-6,-0.00002987832529,1.9867496221682E-6,-0.00005175929323,7.0348806183976E-7,-8.8009463377254E-6,Balsam Poplar
SUREstim,bwood,-0.00006500432048,0.00042214010477,-0.00001691434486,0.00017940675436,-0.00001199840554,0.0003285738732,-4.5742058774759E-6,0.0000638944847,Balsam Poplar
SUREstim,abark,2.9238773957729E-6,-0.00001691434486,0.00001195251319,-0.00012696996904,1.0177747459047E-6,-0.00002530616987,2.9947455955737E-7,-1.4567532902117E-6,Balsam Poplar
SUREstim,bbark,-0.00002987832529,0.00017940675436,-0.00012696996904,0.00140252427021,-0.00001049367501,0.00025275654168,-2.2932749180919E-6,-4.8960269850166E-6,Balsam Poplar
SUREstim,abranche,1.9867496221682E-6,-0.00001199840554,1.0177747459047E-6,-0.00001049367501,1.8685657327232E-6,-0.00004956336612,7.4821150255934E-8,-1.8734749299128E-6,Balsam Poplar
SUREstim,bbranche,-0.00005175929323,0.0003285738732,-0.00002530616987,0.00025275654168,-0.00004956336612,0.00141676186363,-4.3346088566732E-6,0.00012541080478,Balsam Poplar
SUREstim,afoliage,7.0348806183976E-7,-4.5742058774759E-6,2.9947455955737E-7,-2.2932749180919E-6,7.4821150255934E-8,-4.3346088566732E-6,3.2421901125825E-6,-0.00003997300151,Balsam Poplar
SUREstim,bfoliage,-8.8009463377254E-6,0.0000638944847,-1.4567532902117E-6,-4.8960269850166E-6,-1.8734749299128E-6,0.00012541080478,-0.00003997300151,0.00057816123577,Balsam Poplar
SUREstim,awood,0.00002010348907,-0.00010015153036,9.015207351737E-6,-0.00008615159351,6.6429071167147E-6,-0.00008048530305,0.00001415905264,-0.00013123692433,Basswood
SUREstim,bwood,-0.00010015153036,0.00051393710235,-0.00004752044923,0.00046867889429,-0.0000323340546,0.00040007238046,-0.0000667536963,0.00061508665907,Basswood
SUREstim,abark,9.015207351737E-6,-0.00004752044923,0.00004687568341,-0.00044230025727,9.8200294392933E-6,-0.00012283155597,0.00001481896928,-0.00014230354645,Basswood
SUREstim,bbark,-0.00008615159351,0.00046867889429,-0.00044230025727,0.00425469814784,-0.00009303752369,0.00119233038131,-0.00013792969315,0.00135251799166,Basswood
SUREstim,abranche,6.6429071167147E-6,-0.0000323340546,9.8200294392933E-6,-0.00009303752369,0.00004790280149,-0.00060666872165,0.00004352488693,-0.00043740781512,Basswood
SUREstim,bbranche,-0.00008048530305,0.00040007238046,-0.00012283155597,0.00119233038131,-0.00060666872165,0.00788909429404,-0.00054806194291,0.00563417713548,Basswood
SUREstim,afoliage,0.00001415905264,-0.0000667536963,0.00001481896928,-0.00013792969315,0.00004352488693,-0.00054806194291,0.00008970084815,-0.00089901431769,Basswood
SUREstim,bfoliage,-0.00013123692433,0.00061508665907,-0.00014230354645,0.00135251799166,-0.00043740781512,0.00563417713548,-0.00089901431769,0.00933307288399,Basswood
SUREstim,awood,0.00040734998899,-0.00080456906486,6.5246427279533E-6,-0.00017307232021,0.00001915958256,-0.00016842216514,0.00002709228024,-0.00022116845879,Beech
SUREstim,bwood,-0.00080456906486,0.00160957751368,-0.00001345091746,0.00037071482472,-0.00003959999028,0.00035901267926,-0.0000541397542,0.00045191573595,Beech
SUREstim,abark,6.5246427279533E-6,-0.00001345091746,9.6018590015409E-7,-0.00002442567788,-4.0820996142957E-7,2.4003908808905E-6,-1.36157671802E-6,9.7045090265697E-6,Beech
SUREstim,bbark,-0.00017307232021,0.00037071482472,-0.00002442567788,0.00065603883118,7.5436747295542E-6,-0.00003436136929,0.00003086468601,-0.00021616297921,Beech
SUREstim,abranche,0.00001915958256,-0.00003959999028,-4.0820996142957E-7,7.5436747295542E-6,0.00001769666384,-0.00014465407666,0.00001273055178,-0.00010352736612,Beech
SUREstim,bbranche,-0.00016842216514,0.00035901267926,2.4003908808905E-6,-0.00003436136929,-0.00014465407666,0.00124550907725,-0.00010448933094,0.00090485887096,Beech
SUREstim,afoliage,0.00002709228024,-0.0000541397542,-1.36157671802E-6,0.00003086468601,0.00001273055178,-0.00010448933094,0.00003018033906,-0.00023845947664,Beech
SUREstim,bfoliage,-0.00022116845879,0.00045191573595,9.7045090265697E-6,-0.00021616297921,-0.00010352736612,0.00090485887096,-0.00023845947664,0.00197948907882,Beech
SUREstim,awood,0.0000525955386,-0.00017303399314,0.00001970871672,-0.00018743755926,8.9754355529239E-6,-0.00007306501799,-0.00001376264216,0.00006661980365,Black Ash
SUREstim,bwood,-0.00017303399314,0.00060143669446,-0.00006427931487,0.00064285941376,-0.00002260677807,0.0001607851259,0.00004373834426,-0.00022051730774,Black Ash
SUREstim,abark,0.00001970871672,-0.00006427931487,0.00002493550238,-0.00023322234044,-5.8678540683592E-6,0.00003164711321,-0.00001890937593,0.00009922323829,Black Ash
SUREstim,bbark,-0.00018743755926,0.00064285941376,-0.00023322234044,0.0022514773141,0.00006211698883,-0.00039622124758,0.00017426828855,-0.00093114239458,Black Ash
SUREstim,abranche,8.9754355529239E-6,-0.00002260677807,-5.8678540683592E-6,0.00006211698883,0.00007392702779,-0.00063076900252,0.00004834284944,-0.00034022607443,Black Ash
SUREstim,bbranche,-0.00007306501799,0.0001607851259,0.00003164711321,-0.00039622124758,-0.00063076900252,0.00609407698414,-0.00037059984434,0.00308944480816,Black Ash
SUREstim,afoliage,-0.00001376264216,0.00004373834426,-0.00001890937593,0.00017426828855,0.00004834284944,-0.00037059984434,0.00007684680604,-0.00046166236208,Black Ash
SUREstim,bfoliage,0.00006661980365,-0.00022051730774,0.00009922323829,-0.00093114239458,-0.00034022607443,0.00308944480816,-0.00046166236208,0.00316033210853,Black Ash
SUREstim,awood,0.00328133262634,-0.00266584151889,0.00016782504751,-0.00082892029348,0.00018785882248,-0.00065279428719,4.6881066080316E-6,-0.00001439161185,Black Cherry
SUREstim,bwood,-0.00266584151889,0.00222692271064,-0.00015582697641,0.00078852115809,-0.00015419765864,0.00058297588507,-3.8540985627421E-6,0.00002596910677,Black Cherry
SUREstim,abark,0.00016782504751,-0.00015582697641,0.00041576807969,-0.00178856502435,0.00002121621202,-0.00006085032672,-1.201049642593E-6,8.7855188512417E-6,Black Cherry
SUREstim,bbark,-0.00082892029348,0.00078852115809,-0.00178856502435,0.00779318001259,-0.00009469349261,0.00028646271463,5.4014607518848E-6,-0.0000510205567,Black Cherry
SUREstim,abranche,0.00018785882248,-0.00015419765864,0.00002121621202,-0.00009469349261,0.00011756818933,-0.00048160113793,0.0000112852306,-0.00004641522208,Black Cherry
SUREstim,bbranche,-0.00065279428719,0.00058297588507,-0.00006085032672,0.00028646271463,-0.00048160113793,0.00233012130528,-0.0000443154946,0.00029438068895,Black Cherry
SUREstim,afoliage,4.6881066080316E-6,-3.8540985627421E-6,-1.201049642593E-6,5.4014607518848E-6,0.0000112852306,-0.0000443154946,0.00002842044682,-0.00010143598949,Black Cherry
SUREstim,bfoliage,-0.00001439161185,0.00002596910677,8.7855188512417E-6,-0.0000510205567,-0.00004641522208,0.00029438068895,-0.00010143598949,0.00061290567648,Black Cherry
SUREstim,awood,1.0576485417175E-6,-7.5982167449857E-6,3.6501604605875E-7,-8.2397560941374E-6,-5.622509158316E-7,6.855169814932E-6,-1.3957767342516E-6,2.9158365047716E-6,Black Spruce
SUREstim,bwood,-7.5982167449857E-6,0.00005664791916,-2.6377919596737E-6,0.00006105416056,4.0155995749993E-6,-0.00005082447093,0.00001054722976,-0.00002368913424,Black Spruce
SUREstim,abark,3.6501604605875E-7,-2.6377919596737E-6,3.661117145574E-7,-8.3237698708601E-6,-2.3770714960599E-7,2.9695375741119E-6,-1.1211505174107E-6,2.4315122632021E-6,Black Spruce
SUREstim,bbark,-8.2397560941374E-6,0.00006105416056,-8.3237698708601E-6,0.00019319534422,5.4502540967084E-6,-0.00007024237053,0.00002658440051,-0.00006065290244,Black Spruce
SUREstim,abranche,-5.622509158316E-7,4.0155995749993E-6,-2.3770714960599E-7,5.4502540967084E-6,3.7479089615926E-6,-0.00004805871779,0.00001116389247,-0.00002511481381,Black Spruce
SUREstim,bbranche,6.855169814932E-6,-0.00005082447093,2.9695375741119E-6,-0.00007024237053,-0.00004805871779,0.00063942700467,-0.00014784921982,0.00034944260732,Black Spruce
SUREstim,afoliage,-1.3957767342516E-6,0.00001054722976,-1.1211505174107E-6,0.00002658440051,0.00001116389247,-0.00014784921982,0.00007747781791,-0.00017778601875,Black Spruce
SUREstim,bfoliage,2.9158365047716E-6,-0.00002368913424,2.4315122632021E-6,-0.00006065290244,-0.00002511481381,0.00034944260732,-0.00017778601875,0.0004335930119,Black Spruce
SUREstim,awood,9.2005106600793E-6,-0.00004412711166,1.3234564112876E-6,-0.00002697010728,1.1565303956754E-6,-0.00001643221272,3.0311442674975E-7,-7.4077161219938E-7,Eastern Hemlock
SUREstim,bwood,-0.00004412711166,0.00022506400052,-5.9544540885149E-6,0.00012602598212,-6.1209209606211E-6,0.00008989193771,-9.2222052846354E-7,2.4192581232348E-6,Eastern Hemlock
SUREstim,abark,1.3234564112876E-6,-5.9544540885149E-6,9.865729320246E-7,-0.00002045150437,-6.5120900167105E-7,8.2713575500312E-6,1.0803410519592E-6,-3.8972601221494E-6,Eastern Hemlock
SUREstim,bbark,-0.00002697010728,0.00012602598212,-0.00002045150437,0.00044205991124,0.00001225617532,-0.00015385971666,-0.00002117819605,0.0000788895441,Eastern Hemlock
SUREstim,abranche,1.1565303956754E-6,-6.1209209606211E-6,-6.5120900167105E-7,0.00001225617532,9.3554131686489E-6,-0.00012647198864,-3.2310066413961E-6,0.00001239690389,Eastern Hemlock
SUREstim,bbranche,-0.00001643221272,0.00008989193771,8.2713575500312E-6,-0.00015385971666,-0.00012647198864,0.00176764509335,0.00003940655788,-0.00013069505983,Eastern Hemlock
SUREstim,afoliage,3.0311442674975E-7,-9.2222052846354E-7,1.0803410519592E-6,-0.00002117819605,-3.2310066413961E-6,0.00003940655788,0.00004763523817,-0.00019324528134,Eastern Hemlock
SUREstim,bfoliage,-7.4077161219938E-7,2.4192581232348E-6,-3.8972601221494E-6,0.0000788895441,0.00001239690389,-0.00013069505983,-0.00019324528134,0.00085505136237,Eastern Hemlock
SUREstim,awood,0.00015898300457,-0.00039051606471,0.00003734197859,-0.00034168759727,0.00001382036381,-0.00014302743231,-0.00002398129631,0.00015399938977,Eastern Red Cedar
SUREstim,bwood,-0.00039051606471,0.0010254516489,-0.00011287282684,0.00110431208055,-0.0000264149738,0.00020703587675,0.00006561726704,-0.00043700390126,Eastern Red Cedar
SUREstim,abark,0.00003734197859,-0.00011287282684,0.00005776755816,-0.00052673680793,2.4643405289984E-6,-0.00003330131709,-5.5705303115451E-6,0.00002975819755,Eastern Red Cedar
SUREstim,bbark,-0.00034168759727,0.00110431208055,-0.00052673680793,0.00499641317934,-0.00001818330396,0.00020559314334,0.00004410686827,-0.00017971938149,Eastern Red Cedar
SUREstim,abranche,0.00001382036381,-0.0000264149738,2.4643405289984E-6,-0.00001818330396,0.00005296673629,-0.0006718931221,-0.00002245707594,0.00016861700828,Eastern Red Cedar
SUREstim,bbranche,-0.00014302743231,0.00020703587675,-0.00003330131709,0.00020559314334,-0.0006718931221,0.00899242788833,0.00036821199848,-0.00275542896644,Eastern Red Cedar
SUREstim,afoliage,-0.00002398129631,0.00006561726704,-5.5705303115451E-6,0.00004410686827,-0.00002245707594,0.00036821199848,0.00029676565963,-0.00181100509987,Eastern Red Cedar
SUREstim,bfoliage,0.00015399938977,-0.00043700390126,0.00002975819755,-0.00017971938149,0.00016861700828,-0.00275542896644,-0.00181100509987,0.01163509064918,Eastern Red Cedar
SUREstim,awood,0.00001362484364,-0.00006173527283,2.6727366694629E-6,-0.00007094444482,2.2691740605786E-7,-2.4204556683876E-6,-5.2307534968685E-7,1.2052243140138E-6,Eastern White Cedar
SUREstim,bwood,-0.00006173527283,0.00029067062533,-0.0000123527889,0.00033818301169,-9.4090281014938E-7,0.00001076565049,1.2197313202022E-6,6.5061311521051E-6,Eastern White Cedar
SUREstim,abark,2.6727366694629E-6,-0.0000123527889,1.6573745848742E-6,-0.00004423674449,-1.3992680462742E-7,1.3331236097834E-6,1.8602139119882E-7,-1.2812876701614E-6,Eastern White Cedar
SUREstim,bbark,-0.00007094444482,0.00033818301169,-0.00004423674449,0.00121354657226,3.6005438027446E-6,-0.0000326287937,-6.0634351806016E-6,0.00004954660061,Eastern White Cedar
SUREstim,abranche,2.2691740605786E-7,-9.4090281014938E-7,-1.3992680462742E-7,3.6005438027446E-6,0.00001132010072,-0.00010746204451,9.6411287565298E-6,-0.0000632462878,Eastern White Cedar
SUREstim,bbranche,-2.4204556683876E-6,0.00001076565049,1.3331236097834E-6,-0.0000326287937,-0.00010746204451,0.00109529488921,-0.00009398922153,0.00067393605853,Eastern White Cedar
SUREstim,afoliage,-5.2307534968685E-7,1.2197313202022E-6,1.8602139119882E-7,-6.0634351806016E-6,9.6411287565298E-6,-0.00009398922153,0.00001434272378,-0.00009554408023,Eastern White Cedar
SUREstim,bfoliage,1.2052243140138E-6,6.5061311521051E-6,-1.2812876701614E-6,0.00004954660061,-0.0000632462878,0.00067393605853,-0.00009554408023,0.00070384586832,Eastern White Cedar
SUREstim,awood,0.00016659100493,-0.00044773752757,0.00001646182666,-0.00023600192677,-3.2108221547963E-6,0.00015635761853,-1.2237902101328E-7,-2.238251962547E-6,Eastern White Pine
SUREstim,bwood,-0.00044773752757,0.00122449834973,-0.00004484828966,0.00065949467505,8.7031169985776E-6,-0.00043572250303,4.6870912824903E-7,-1.7604964796148E-6,Eastern White Pine
SUREstim,abark,0.00001646182666,-0.00004484828966,2.5236856929163E-6,-0.00003684971845,-5.3532380600969E-7,0.00002598423826,1.8386934882055E-7,-2.0617937066535E-6,Eastern White Pine
SUREstim,bbark,-0.00023600192677,0.00065949467505,-0.00003684971845,0.0005608655357,7.5136060198789E-6,-0.00037786671308,-2.5040657801183E-6,0.00002268308142,Eastern White Pine
SUREstim,abranche,-3.2108221547963E-6,8.7031169985776E-6,-5.3532380600969E-7,7.5136060198789E-6,6.1802132372322E-7,-0.00002955016667,1.6363887940943E-7,-1.1718604926946E-6,Eastern White Pine
SUREstim,bbranche,0.00015635761853,-0.00043572250303,0.00002598423826,-0.00037786671308,-0.00002955016667,0.00145185262895,-7.9997811498782E-6,0.00007041161771,Eastern White Pine
SUREstim,afoliage,-1.2237902101328E-7,4.6870912824903E-7,1.8386934882055E-7,-2.5040657801183E-6,1.6363887940943E-7,-7.9997811498782E-6,5.6137290550775E-6,-0.00005647048244,Eastern White Pine
SUREstim,bfoliage,-2.238251962547E-6,-1.7604964796148E-6,-2.0617937066535E-6,0.00002268308142,-1.1718604926946E-6,0.00007041161771,-0.00005647048244,0.00061427668023,Eastern White Pine
SUREstim,awood,0.00001881023757,-0.00009438692986,1.1066733281817E-6,-0.0000309653061,-4.0486830358888E-6,0.0001583069872,-1.0371097626346E-6,0.00003298931022,Grey Birch
SUREstim,bwood,-0.00009438692986,0.0004971917941,-7.0905996115882E-6,0.0002267366034,0.00001806990607,-0.00066184054814,3.7990907231015E-6,-0.00007750048742,Grey Birch
SUREstim,abark,1.1066733281817E-6,-7.0905996115882E-6,1.279769010161E-6,-0.00003231779838,3.2765588008163E-7,-0.00001642038806,-8.1598483527762E-8,9.8208504793964E-7,Grey Birch
SUREstim,bbark,-0.0000309653061,0.0002267366034,-0.00003231779838,0.0009236623568,-8.5250554135188E-6,0.00051666691076,6.6802391559497E-7,0.0000874631582,Grey Birch
SUREstim,abranche,-4.0486830358888E-6,0.00001806990607,3.2765588008163E-7,-8.5250554135188E-6,7.0604353041437E-6,-0.00030903408413,4.5935094301233E-6,-0.00018409127297,Grey Birch
SUREstim,bbranche,0.0001583069872,-0.00066184054814,-0.00001642038806,0.00051666691076,-0.00030903408413,0.01410218659205,-0.00020479489645,0.00863016812249,Grey Birch
SUREstim,afoliage,-1.0371097626346E-6,3.7990907231015E-6,-8.1598483527762E-8,6.6802391559497E-7,4.5935094301233E-6,-0.00020479489645,3.8719107806456E-6,-0.0001563568466,Grey Birch
SUREstim,bfoliage,0.00003298931022,-0.00007750048742,9.8208504793964E-7,0.0000874631582,-0.00018409127297,0.00863016812249,-0.0001563568466,0.00671592771653,Grey Birch
SUREstim,awood,0.00299161242389,-0.00421608633931,0.00015278607345,-0.00129726292689,0.00007161695628,-0.00252104091666,0.00002847556384,-0.0005013516148,Hickory
SUREstim,bwood,-0.00421608633931,0.00602126026757,-0.00021929137725,0.00190802318235,-0.00010224699468,0.0036536558043,-0.00004054103284,0.00072549178791,Hickory
SUREstim,abark,0.00015278607345,-0.00021929137725,0.00002123270067,-0.00017926981853,3.2653929626987E-6,-0.0001163263687,1.6578577719973E-6,-0.00002693004731,Hickory
SUREstim,bbark,-0.00129726292689,0.00190802318235,-0.00017926981853,0.00157302936356,-0.00002819330074,0.00101662954881,-0.00001342421814,0.00020934401647,Hickory
SUREstim,abranche,0.00007161695628,-0.00010224699468,3.2653929626987E-6,-0.00002819330074,6.2710391881795E-6,-0.00022037247204,3.6796360712239E-6,-0.00006461167118,Hickory
SUREstim,bbranche,-0.00252104091666,0.0036536558043,-0.0001163263687,0.00101662954881,-0.00022037247204,0.00795516265529,-0.00012859547254,0.00233272436158,Hickory
SUREstim,afoliage,0.00002847556384,-0.00004054103284,1.6578577719973E-6,-0.00001342421814,3.6796360712239E-6,-0.00012859547254,8.8472333528351E-6,-0.0001510531886,Hickory
SUREstim,bfoliage,-0.0005013516148,0.00072549178791,-0.00002693004731,0.00020934401647,-0.00006461167118,0.00233272436158,-0.0001510531886,0.002671184054,Hickory
SUREstim,awood,0.00186079087055,-0.0035302206125,0.00046476005021,-0.00274228926391,0.00014906953836,-0.00192020670265,-0.00016889033871,0.00214531846601,Hop-Hornbeam
SUREstim,bwood,-0.0035302206125,0.00694538969826,-0.00101812014652,0.0064236055972,-0.00026689525166,0.00355980132154,0.00033257543653,-0.00438245226319,Hop-Hornbeam
SUREstim,abark,0.00046476005021,-0.00101812014652,0.00040386422727,-0.00258100181297,0.00004370581068,-0.00065811057492,-0.0000101653557,0.00020655981113,Hop-Hornbeam
SUREstim,bbark,-0.00274228926391,0.0064236055972,-0.00258100181297,0.01734841060943,-0.00023152847444,0.00381438767308,0.00009127617386,-0.00179027835659,Hop-Hornbeam
SUREstim,abranche,0.00014906953836,-0.00026689525166,0.00004370581068,-0.00023152847444,0.00012099447669,-0.00154690373914,0.00003314185601,-0.0004067395346,Hop-Hornbeam
SUREstim,bbranche,-0.00192020670265,0.00355980132154,-0.00065811057492,0.00381438767308,-0.00154690373914,0.0200737850319,-0.00041998929708,0.00517588957333,Hop-Hornbeam
SUREstim,afoliage,-0.00016889033871,0.00033257543653,-0.0000101653557,0.00009127617386,0.00003314185601,-0.00041998929708,0.00006486970253,-0.00081109397508,Hop-Hornbeam
SUREstim,bfoliage,0.00214531846601,-0.00438245226319,0.00020655981113,-0.00179027835659,-0.0004067395346,0.00517588957333,-0.00081109397508,0.01037201752012,Hop-Hornbeam
SUREstim,awood,0.00001759960293,-0.00006967688715,-7.2932335217416E-7,0.00001197408549,-6.1398755826877E-7,0.00002388020116,-6.3705676386386E-7,3.0196364770354E-6,Jack Pine
SUREstim,bwood,-0.00006967688715,0.00028321769388,2.6541209227683E-6,-0.00004054212421,2.456718529318E-6,-0.00009965312079,2.0701416080561E-6,-6.4597966758157E-6,Jack Pine
SUREstim,abark,-7.2932335217416E-7,2.6541209227683E-6,8.1413018254614E-7,-0.00001453256751,-1.6837317849989E-7,7.1992955892212E-6,1.0248534578218E-7,-9.7089951420977E-7,Jack Pine
SUREstim,bbark,0.00001197408549,-0.00004054212421,-0.00001453256751,0.00027073894844,3.0658146464818E-6,-0.00013611724791,-2.0873483763265E-6,0.00002248651828,Jack Pine
SUREstim,abranche,-6.1398755826877E-7,2.456718529318E-6,-1.6837317849989E-7,3.0658146464818E-6,1.3186185431587E-6,-0.00005475224706,2.433664256004E-6,-0.00002018418092,Jack Pine
SUREstim,bbranche,0.00002388020116,-0.00009965312079,7.1992955892212E-6,-0.00013611724791,-0.00005475224706,0.0023627419739,-0.00010058453073,0.00087050613924,Jack Pine
SUREstim,afoliage,-6.3705676386386E-7,2.0701416080561E-6,1.0248534578218E-7,-2.0873483763265E-6,2.433664256004E-6,-0.00010058453073,8.1591011566292E-6,-0.00006929839197,Jack Pine
SUREstim,bfoliage,3.0196364770354E-6,-6.4597966758157E-6,-9.7089951420977E-7,0.00002248651828,-0.00002018418092,0.00087050613924,-0.00006929839197,0.00062898106719,Jack Pine
SUREstim,awood,0.0002082120606,-0.00069198570445,0.00003728055436,-0.00039827046294,3.9875352687658E-7,-0.00001680049569,-1.153572279262E-6,0.00004918221358,Largetooth Aspen
SUREstim,bwood,-0.00069198570445,0.00233352761705,-0.00012525821512,0.00135960334998,-1.0775728074546E-6,0.00003045607011,3.7366656760242E-6,-0.00016921010722,Largetooth Aspen
SUREstim,abark,0.00003728055436,-0.00012525821512,0.00001243863172,-0.00013502431047,2.6870955338175E-7,-0.00001821249742,2.5736216188787E-7,-9.6693371906977E-6,Largetooth Aspen
SUREstim,bbark,-0.00039827046294,0.00135960334998,-0.00013502431047,0.00150750590826,-2.9666076137423E-6,0.00020273087537,-2.8413840749625E-6,0.00010088739629,Largetooth Aspen
SUREstim,abranche,3.9875352687658E-7,-1.0775728074546E-6,2.6870955338175E-7,-2.9666076137423E-6,3.6034361527455E-7,-0.00002549707151,2.3917117203286E-7,-0.0000101463884,Largetooth Aspen
SUREstim,bbranche,-0.00001680049569,0.00003045607011,-0.00001821249742,0.00020273087537,-0.00002549707151,0.00189030798587,-0.00001728835737,0.00077764410841,Largetooth Aspen
SUREstim,afoliage,-1.153572279262E-6,3.7366656760242E-6,2.5736216188787E-7,-2.8413840749625E-6,2.3917117203286E-7,-0.00001728835737,2.4383752746856E-6,-0.00009718304977,Largetooth Aspen
SUREstim,bfoliage,0.00004918221358,-0.00016921010722,-9.6693371906977E-6,0.00010088739629,-0.0000101463884,0.00077764410841,-0.00009718304977,0.00396097053922,Largetooth Aspen
SUREstim,awood,8.1626890261637E-6,-0.00005350534361,2.9934456957953E-6,-0.00005068385527,-3.2228020202193E-6,0.00005169981815,-5.6244028432511E-6,0.00003981057366,Lodgepole Pine
SUREstim,bwood,-0.00005350534361,0.00036129574458,-0.00001942016879,0.00033493969086,0.00002152937227,-0.00036050042656,0.00003588777104,-0.00025681075234,Lodgepole Pine
SUREstim,abark,2.9934456957953E-6,-0.00001942016879,3.2868354635906E-6,-0.00005719613812,-1.1889455655404E-6,0.00001873204377,-2.9306752715471E-6,0.00002149323967,Lodgepole Pine
SUREstim,bbark,-0.00005068385527,0.00033493969086,-0.00005719613812,0.00101918279036,0.00002019180553,-0.00032158043173,0.00004975518323,-0.00036695234177,Lodgepole Pine
SUREstim,abranche,-3.2228020202193E-6,0.00002152937227,-1.1889455655404E-6,0.00002019180553,7.4889279402345E-6,-0.00013179862153,0.00001064782128,-0.00008188190575,Lodgepole Pine
SUREstim,bbranche,0.00005169981815,-0.00036050042656,0.00001873204377,-0.00032158043173,-0.00013179862153,0.00248909493452,-0.00017888270509,0.00144313907234,Lodgepole Pine
SUREstim,afoliage,-5.6244028432511E-6,0.00003588777104,-2.9306752715471E-6,0.00004975518323,0.00001064782128,-0.00017888270509,0.00002642535865,-0.00020513627076,Lodgepole Pine
SUREstim,bfoliage,0.00003981057366,-0.00025681075234,0.00002149323967,-0.00036695234177,-0.00008188190575,0.00144313907234,-0.00020513627076,0.00168184419163,Lodgepole Pine
SUREstim,awood,0.000825378022,-0.00163219170751,0.00009696057996,-0.00082508467405,-0.00005295216246,0.0008382962089,0.0002935873675,-0.00085272778889,Red Ash
SUREstim,bwood,-0.00163219170751,0.00327208226331,-0.00020641607882,0.00178691909613,0.00009936005947,-0.0015601965742,-0.00056261275795,0.00164568933987,Red Ash
SUREstim,abark,0.00009696057996,-0.00020641607882,0.00005673831316,-0.00044024877033,-0.00001402495934,0.00022372940304,-0.00004792523462,0.00012973134026,Red Ash
SUREstim,bbark,-0.00082508467405,0.00178691909613,-0.00044024877033,0.00351007844449,0.00010199652016,-0.00162704827554,0.00031546334317,-0.00085445345251,Red Ash
SUREstim,abranche,-0.00005295216246,0.00009936005947,-0.00001402495934,0.00010199652016,0.00003420237558,-0.00059197879609,0.00002585579977,-0.00008242982732,Red Ash
SUREstim,bbranche,0.0008382962089,-0.0015601965742,0.00022372940304,-0.00162704827554,-0.00059197879609,0.01050080750761,-0.00048271118612,0.00164536380185,Red Ash
SUREstim,afoliage,0.0002935873675,-0.00056261275795,-0.00004792523462,0.00031546334317,0.00002585579977,-0.00048271118612,0.00067290051825,-0.0019836716799,Red Ash
SUREstim,bfoliage,-0.00085272778889,0.00164568933987,0.00012973134026,-0.00085445345251,-0.00008242982732,0.00164536380185,-0.0019836716799,0.00605258144628,Red Ash
SUREstim,awood,0.00002707631354,-0.00008679753337,3.634009425878E-6,-0.00003659465984,1.6825580256991E-6,-0.00003208176568,2.5898548376105E-6,-0.00001486589246,Red Maple
SUREstim,bwood,-0.00008679753337,0.00029984823343,-0.00001041702749,0.00011549034837,-6.0385145284127E-6,0.00012048041686,-7.7677502052237E-6,0.00004513991314,Red Maple
SUREstim,abark,3.634009425878E-6,-0.00001041702749,7.2998888048151E-6,-0.00008375458478,-1.3050062007515E-6,0.00002334126411,6.5288101539326E-8,2.1049101793601E-7,Red Maple
SUREstim,bbark,-0.00003659465984,0.00011549034837,-0.00008375458478,0.00102358255886,0.00001278840904,-0.00023819836919,-2.6570638424257E-7,-6.6043005694898E-6,Red Maple
SUREstim,abranche,1.6825580256991E-6,-6.0385145284127E-6,-1.3050062007515E-6,0.00001278840904,0.00001155622218,-0.000202142856,0.0000130814388,-0.00007915574727,Red Maple
SUREstim,bbranche,-0.00003208176568,0.00012048041686,0.00002334126411,-0.00023819836919,-0.000202142856,0.00363220461179,-0.00023111435748,0.00145582243433,Red Maple
SUREstim,afoliage,2.5898548376105E-6,-7.7677502052237E-6,6.5288101539326E-8,-2.6570638424257E-7,0.0000130814388,-0.00023111435748,0.0000425889363,-0.00025478895734,Red Maple
SUREstim,bfoliage,-0.00001486589246,0.00004513991314,2.1049101793601E-7,-6.6043005694898E-6,-0.00007915574727,0.00145582243433,-0.00025478895734,0.00160066457914,Red Maple
SUREstim,awood,0.00022206377772,-0.0003870827992,0.00003899357983,-0.00030551794661,2.4593851826246E-6,-0.0000973096322,-5.3187140387424E-6,0.00003580718514,Red Oak
SUREstim,bwood,-0.0003870827992,0.000711321972,-0.00006636384984,0.00054107992449,-5.0836252689463E-6,0.00020870001706,7.9685520072993E-6,-0.00003775710994,Red Oak
SUREstim,abark,0.00003899357983,-0.00006636384984,0.00002581614066,-0.00020118266603,2.636972831864E-6,-0.00009387430451,-3.7823336326123E-6,0.00003164613526,Red Oak
SUREstim,bbark,-0.00030551794661,0.00054107992449,-0.00020118266603,0.00162581824857,-0.00002236456897,0.00079779917425,0.0000284701385,-0.00023086273132,Red Oak
SUREstim,abranche,2.4593851826246E-6,-5.0836252689463E-6,2.636972831864E-6,-0.00002236456897,7.9585072500771E-6,-0.00027433030569,1.7600793899482E-6,-0.00001210782172,Red Oak
SUREstim,bbranche,-0.0000973096322,0.00020870001706,-0.00009387430451,0.00079779917425,-0.00027433030569,0.00959255179884,-0.00006146377713,0.00046718811929,Red Oak
SUREstim,afoliage,-5.3187140387424E-6,7.9685520072993E-6,-3.7823336326123E-6,0.0000284701385,1.7600793899482E-6,-0.00006146377713,8.3824599385899E-6,-0.00007140356804,Red Oak
SUREstim,bfoliage,0.00003580718514,-0.00003775710994,0.00003164613526,-0.00023086273132,-0.00001210782172,0.00046718811929,-0.00007140356804,0.00072006754893,Red Oak
SUREstim,awood,0.00001182896084,-0.00006486237685,5.1222156942392E-7,-8.4842302848205E-6,-5.3594190542101E-7,0.00005049200534,-1.2136409258659E-6,0.00001819405332,Red Pine
SUREstim,bwood,-0.00006486237685,0.00036783897531,-2.8882891120772E-6,0.00005370290396,2.9708829100104E-6,-0.00028896120644,6.7090643818022E-6,-0.00010637477548,Red Pine
SUREstim,abark,5.1222156942392E-7,-2.8882891120772E-6,3.3374677236936E-7,-5.6557948641151E-6,1.4097451613076E-8,-1.1754006704832E-6,2.464644579849E-8,-3.5552446584011E-7,Red Pine
SUREstim,bbark,-8.4842302848205E-6,0.00005370290396,-5.6557948641151E-6,0.00010450982764,-1.6191315098004E-7,0.00001005834585,-3.7936822107184E-7,3.7966455052179E-6,Red Pine
SUREstim,abranche,-5.3594190542101E-7,2.9708829100104E-6,1.4097451613076E-8,-1.6191315098004E-7,2.3505339666412E-7,-0.00002182374311,4.1688006905922E-7,-6.0683717344638E-6,Red Pine
SUREstim,bbranche,0.00005049200534,-0.00028896120644,-1.1754006704832E-6,0.00001005834585,-0.00002182374311,0.00206885426246,-0.00003885335239,0.00058330850856,Red Pine
SUREstim,afoliage,-1.2136409258659E-6,6.7090643818022E-6,2.464644579849E-8,-3.7936822107184E-7,4.1688006905922E-7,-0.00003885335239,1.8663282844638E-6,-0.00002706338843,Red Pine
SUREstim,bfoliage,0.00001819405332,-0.00010637477548,-3.5552446584011E-7,3.7966455052179E-6,-6.0683717344638E-6,0.00058330850856,-0.00002706338843,0.00041426674069,Red Pine
SUREstim,awood,0.00004582577947,-0.00014214532279,6.6384307412272E-6,-0.00009727369419,6.6497781743949E-8,-0.00004195543772,1.2102467179869E-6,-0.000057977138,Red Spruce
SUREstim,bwood,-0.00014214532279,0.00045132394597,-0.0000214776783,0.0003252107779,-2.2397385600405E-7,0.00014642227971,-3.7313160470815E-6,0.00018438314388,Red Spruce
SUREstim,abark,6.6384307412272E-6,-0.0000214776783,2.8242683720772E-6,-0.00004225753531,2.3995109387532E-9,-3.0196335558355E-6,9.6730037437809E-8,-5.7597356722209E-6,Red Spruce
SUREstim,bbark,-0.00009727369419,0.0003252107779,-0.00004225753531,0.00065793389153,-7.391465086539E-8,0.00007356780631,-1.6108775094328E-6,0.0001000582327,Red Spruce
SUREstim,abranche,6.6497781743949E-8,-2.2397385600405E-7,2.3995109387532E-9,-7.391465086539E-8,1.0964217897667E-8,-6.1447246606577E-6,1.0922437096693E-7,-4.9369651130507E-6,Red Spruce
SUREstim,bbranche,-0.00004195543772,0.00014642227971,-3.0196335558355E-6,0.00007356780631,-6.1447246606577E-6,0.00349688633072,-0.00006142729887,0.00282409045807,Red Spruce
SUREstim,afoliage,1.2102467179869E-6,-3.7313160470815E-6,9.6730037437809E-8,-1.6108775094328E-6,1.0922437096693E-7,-0.00006142729887,1.4222480572801E-6,-0.00006447873076,Red Spruce
SUREstim,bfoliage,-0.000057977138,0.00018438314388,-5.7597356722209E-6,0.0001000582327,-4.9369651130507E-6,0.00282409045807,-0.00006447873076,0.00297006654071,Red Spruce
SUREstim,awood,0.00106163479818,-0.00128473165049,0.00002908843347,-0.00032983454236,-1.0580622326408E-6,0.00005930706869,-0.00044078591752,0.00083616696946,Silver Maple
SUREstim,bwood,-0.00128473165049,0.00158263515703,-0.00003876491294,0.00046295873622,8.7590196962808E-7,-0.00001857956888,0.00052191063045,-0.00100329144148,Silver Maple
SUREstim,abark,0.00002908843347,-0.00003876491294,5.1628853287439E-6,-0.00005791511417,4.397216189313E-7,-0.00004878040368,0.0000242185945,-0.00005012976108,Silver Maple
SUREstim,bbark,-0.00032983454236,0.00046295873622,-0.00005791511417,0.00068694988187,-5.1752939473617E-6,0.00059833471429,-0.00026902888935,0.00057248236618,Silver Maple
SUREstim,abranche,-1.0580622326408E-6,8.7590196962808E-7,4.397216189313E-7,-5.1752939473617E-6,1.0662700392322E-6,-0.0001081923739,0.00003665879685,-0.00007327506748,Silver Maple
SUREstim,bbranche,0.00005930706869,-0.00001857956888,-0.00004878040368,0.00059833471429,-0.0001081923739,0.01121850382489,-0.0037130219304,0.00753690631102,Silver Maple
SUREstim,afoliage,-0.00044078591752,0.00052191063045,0.0000242185945,-0.00026902888935,0.00003665879685,-0.0037130219304,0.00297461103848,-0.00590767310461,Silver Maple
SUREstim,bfoliage,0.00083616696946,-0.00100329144148,-0.00005012976108,0.00057248236618,-0.00007327506748,0.00753690631102,-0.00590767310461,0.01191137582042,Silver Maple
SUREstim,awood,0.00006988910221,-0.00015068047044,0.00006910062738,-0.00030931105803,9.6451455096946E-8,-1.4924371704593E-6,-3.8666566789068E-6,0.00002701659387,Sugar Maple
SUREstim,bwood,-0.00015068047044,0.00033235051529,-0.00014827666362,0.00067340964911,-1.9217100693864E-7,2.724854077189E-6,8.1596118606322E-6,-0.00005775392312,Sugar Maple
SUREstim,abark,0.00006910062738,-0.00014827666362,0.00010528408852,-0.00047244955173,9.3869213896062E-7,-7.1907411140741E-6,-3.3053220623285E-6,0.00002549065061,Sugar Maple
SUREstim,bbark,-0.00030931105803,0.00067340964911,-0.00047244955173,0.00215436587052,-3.7680248318055E-6,0.0000214673753,0.00001557305439,-0.00012841781976,Sugar Maple
SUREstim,abranche,9.6451455096946E-8,-1.9217100693864E-7,9.3869213896062E-7,-3.7680248318055E-6,0.00001445257973,-0.00012742648647,2.7510645334083E-6,-0.00002019257321,Sugar Maple
SUREstim,bbranche,-1.4924371704593E-6,2.724854077189E-6,-7.1907411140741E-6,0.0000214673753,-0.00012742648647,0.00116425017127,-0.00002530618353,0.00020710734382,Sugar Maple
SUREstim,afoliage,-3.8666566789068E-6,8.1596118606322E-6,-3.3053220623285E-6,0.00001557305439,2.7510645334083E-6,-0.00002530618353,5.8073385706123E-6,-0.00004519344551,Sugar Maple
SUREstim,bfoliage,0.00002701659387,-0.00005775392312,0.00002549065061,-0.00012841781976,-0.00002019257321,0.00020710734382,-0.00004519344551,0.00038596940352,Sugar Maple
SUREstim,awood,7.6356983554561E-6,-0.00004134252967,1.5125488456213E-7,-2.7637632156349E-6,-1.0955280879993E-6,0.00001933302619,-3.3013038029051E-6,0.00001289058988,Tamarack Larch
SUREstim,bwood,-0.00004134252967,0.00023497226242,-8.0547963755335E-7,0.00001823954223,6.118024275454E-6,-0.00011554417125,0.00001670377772,-0.00006452663419,Tamarack Larch
SUREstim,abark,1.5125488456213E-7,-8.0547963755335E-7,2.5075313752126E-7,-4.8808931222481E-6,-1.0081062967865E-8,2.1216710128584E-7,-1.6194857179484E-7,5.0551556432377E-7,Tamarack Larch
SUREstim,bbark,-2.7637632156349E-6,0.00001823954223,-4.8808931222481E-6,0.00010109664953,2.8137140266736E-7,-8.3139057920511E-6,2.3620751893491E-6,-6.2257324865277E-6,Tamarack Larch
SUREstim,abranche,-1.0955280879993E-6,6.118024275454E-6,-1.0081062967865E-8,2.8137140266736E-7,2.1380353494505E-6,-0.00003823959802,6.6471232563418E-6,-0.00002926966514,Tamarack Larch
SUREstim,bbranche,0.00001933302619,-0.00011554417125,2.1216710128584E-7,-8.3139057920511E-6,-0.00003823959802,0.00072574746729,-0.00011880036876,0.000553193376,Tamarack Larch
SUREstim,afoliage,-3.3013038029051E-6,0.00001670377772,-1.6194857179484E-7,2.3620751893491E-6,6.6471232563418E-6,-0.00011880036876,0.00003944110894,-0.00017611551313,Tamarack Larch
SUREstim,bfoliage,0.00001289058988,-0.00006452663419,5.0551556432377E-7,-6.2257324865277E-6,-0.00002926966514,0.000553193376,-0.00017611551313,0.00084894543059,Tamarack Larch
SUREstim,awood,8.5286887033351E-6,-0.00004452680006,1.4169351786352E-6,-0.00002697850792,-8.1778833272275E-8,2.6889473627114E-6,3.8766804172262E-7,-5.4441199454098E-6,Trembling Aspen
SUREstim,bwood,-0.00004452680006,0.00023878590798,-7.4849418765259E-6,0.00014724879044,3.6122750926138E-7,-0.00001105299497,-2.1996017028089E-6,0.00003418118702,Trembling Aspen
SUREstim,abark,1.4169351786352E-6,-7.4849418765259E-6,5.3781176773571E-7,-0.00001024467593,7.3652197065118E-8,-2.981447073901E-6,-1.1439920309881E-7,1.0025959664241E-6,Trembling Aspen
SUREstim,bbark,-0.00002697850792,0.00014724879044,-0.00001024467593,0.00020364295623,-1.4138878831665E-6,0.00005875675706,1.7696958186885E-6,-0.00001119782444,Trembling Aspen
SUREstim,abranche,-8.1778833272275E-8,3.6122750926138E-7,7.3652197065118E-8,-1.4138878831665E-6,6.7813281494484E-7,-0.0000269676925,2.1680481822958E-6,-0.00002644233264,Trembling Aspen
SUREstim,bbranche,2.6889473627114E-6,-0.00001105299497,-2.981447073901E-6,0.00005875675706,-0.0000269676925,0.00110956273485,-0.00008629882719,0.00108785932044,Trembling Aspen
SUREstim,afoliage,3.8766804172262E-7,-2.1996017028089E-6,-1.1439920309881E-7,1.7696958186885E-6,2.1680481822958E-6,-0.00008629882719,0.00001278622363,-0.00015421458048,Trembling Aspen
SUREstim,bfoliage,-5.4441199454098E-6,0.00003418118702,1.0025959664241E-6,-0.00001119782444,-0.00002644233264,0.00108785932044,-0.00015421458048,0.00192605691352,Trembling Aspen
SUREstim,awood,0.00020253389758,-0.00034556731328,0.00003632339707,-0.00027789640704,0.00003003176764,-0.00020399076758,0.00017167479224,-0.00045893248153,White Ash
SUREstim,bwood,-0.00034556731328,0.00063098415203,-0.00006066260399,0.00049446639606,-0.00005411423949,0.00037580371556,-0.00028681515889,0.0007761860838,White Ash
SUREstim,abark,0.00003632339707,-0.00006066260399,0.0000157283485,-0.0001185445902,-3.2626273054185E-6,0.00002170532175,0.00001721008536,-0.00004561915243,White Ash
SUREstim,bbark,-0.00027789640704,0.00049446639606,-0.0001185445902,0.00095119369993,0.00002247950502,-0.00015506846395,-0.0001300705796,0.00035065279025,White Ash
SUREstim,abranche,0.00003003176764,-0.00005411423949,-3.2626273054185E-6,0.00002247950502,0.00010332878694,-0.00069494200285,0.00020757442996,-0.00056250889884,White Ash
SUREstim,bbranche,-0.00020399076758,0.00037580371556,0.00002170532175,-0.00015506846395,-0.00069494200285,0.00483126499013,-0.00137294717745,0.00380812034355,White Ash
SUREstim,afoliage,0.00017167479224,-0.00028681515889,0.00001721008536,-0.0001300705796,0.00020757442996,-0.00137294717745,0.0007629052105,-0.00205234152632,White Ash
SUREstim,bfoliage,-0.00045893248153,0.0007761860838,-0.00004561915243,0.00035065279025,-0.00056250889884,0.00380812034355,-0.00205234152632,0.00567312953444,White Ash
SUREstim,awood,4.1690246550619E-6,-0.000022821342,1.243195476802E-6,-0.00003042238879,3.2030051656315E-7,-7.9873255644384E-6,7.5498226812301E-7,-5.0684747995761E-6,White Birch
SUREstim,bwood,-0.000022821342,0.0001297765266,-6.8708888631729E-6,0.00017383764116,-1.7605943990732E-6,0.00004286478182,-4.1696762775689E-6,0.00002669592101,White Birch
SUREstim,abark,1.243195476802E-6,-6.8708888631729E-6,5.9186509664062E-7,-0.0000146102791,1.7003990139453E-7,-4.2238592723878E-6,4.9912803563561E-7,-3.1800982750961E-6,White Birch
SUREstim,bbark,-0.00003042238879,0.00017383764116,-0.0000146102791,0.00037392858124,-4.2071072836197E-6,0.00010397244662,-0.00001226637314,0.00007714890582,White Birch
SUREstim,abranche,3.2030051656315E-7,-1.7605943990732E-6,1.7003990139453E-7,-4.2071072836197E-6,8.4337640184119E-7,-0.00002058856749,1.1288372399681E-6,-7.1193530292902E-6,White Birch
SUREstim,bbranche,-7.9873255644384E-6,0.00004286478182,-4.2238592723878E-6,0.00010397244662,-0.00002058856749,0.00053171557965,-0.0000286277558,0.00019853156714,White Birch
