Row;Effect;pert;sdom;vp;milieu;Col1;Col2;Col3;Col4;Col5;Col6;Col7;Col8;Col9;Col10;Col11;Col12;Col13;Col14;Col15;Col16;Col17;Col18;Col19;Col20;Col22;Col23;Col25;Col26;Col27;Col28;Col29;Col30;Col31;Col32
1;ldhp;;;;;0.034278411;-0.00474751;1.61335E-05;0.003329959;-0.000918176;-0.008863548;-0.009529825;-0.00912679;-0.01469537;-0.010140603;-0.010530789;-0.011719736;-0.010530887;-0.011520173;-0.019161181;-0.01070687;-0.009408824;-0.009946745;-0.01101891;-0.009248866;3.55766E-06;-3.9726E-05;-0.011456873;-0.010163318;-0.011104034;-0.010748213;-0.010080759;-0.010416905;-0.00984307;-0.00252351
2;ldhp2;;;;;-0.00474751;0.002401206;-2.08968E-05;-0.001953216;3.62164E-05;-9.77308E-05;-0.000118974;1.97601E-05;-2.17213E-05;1.64152E-05;2.2618E-05;0.000209617;0.00016139;0.000362111;0.000293239;0.000316939;-7.40076E-06;0.000107582;0.000230548;0.000150231;-8.06306E-05;-6.91135E-05;0.000133369;1.55843E-05;1.01303E-05;0.000129784;5.71949E-05;3.40829E-05;0.000149529;-9.98055E-06
3;ldhp*st;;;;;1.61335E-05;-2.08968E-05;1.28088E-06;1.52614E-05;-9.57528E-07;9.63954E-06;8.20063E-06;7.22598E-06;1.00807E-05;8.51403E-06;8.80678E-06;5.7694E-06;8.55717E-06;7.4526E-06;4.7408E-06;1.08396E-05;4.514E-06;3.76174E-06;8.31382E-06;7.51154E-06;5.48008E-06;2.61595E-06;-1.09688E-06;-4.58811E-06;-2.83121E-06;-4.14077E-06;-4.46326E-06;-1.65802E-06;-3.01343E-06;2.9395E-06
4;ldhp*rdhp;;;;;0.003329959;-0.001953216;1.52614E-05;0.002203796;-3.71831E-05;1.56524E-05;7.35868E-05;1.68101E-05;-6.41162E-05;-5.99487E-05;-4.94379E-05;-0.000189515;-0.000162907;-0.000308129;-0.000260189;-0.000247759;0.000103685;-0.000107135;-0.000235991;-0.00015442;5.73583E-05;8.70973E-05;-5.52009E-05;5.08533E-05;3.8523E-05;-9.02771E-05;1.78809E-05;1.51167E-05;-8.59498E-05;1.66504E-05
5;ldhp*Tmoy;;;;;-0.000918176;3.62164E-05;-9.57528E-07;-3.71831E-05;0.000143082;-1.27386E-05;0.000118965;5.78509E-06;0.000147813;0.000146942;0.000188025;0.00023787;0.000184833;0.000272558;0.000134451;0.000144213;6.4581E-05;0.000130318;0.000248671;-9.05299E-06;-5.50557E-06;1.77686E-05;0.000227272;9.65624E-05;0.000247855;0.000202445;7.7451E-06;0.000121174;2.44046E-05;-1.4773E-05
6;ldhp*vp;;;FE2;;-0.008863548;-9.77308E-05;9.63954E-06;1.56524E-05;-1.27386E-05;0.011747158;0.008936649;0.00890566;0.008920502;0.008919703;0.008907245;0.008936773;0.008922552;0.008966638;0.008977762;0.008921272;0.008874278;0.008812024;0.008893971;0.008821199;5.6127E-05;3.7641E-05;0.000200908;-7.58994E-05;1.61457E-06;-0.000150603;0.000537169;0.000225453;0.000304815;3.78338E-05
7;ldhp*vp;;;FE3;;-0.009529825;-0.000118974;8.20063E-06;7.35868E-05;0.000118965;0.008936649;0.009909033;0.008903977;0.008993947;0.009044258;0.009069439;0.009148826;0.009084716;0.009207995;0.009002322;0.009027687;0.008921655;0.008922851;0.009108266;0.008800866;4.64374E-05;4.33893E-05;0.00033928;2.59296E-05;0.000128275;-7.24084E-05;0.000421929;0.000274859;0.000154044;-6.37897E-06
8;ldhp*vp;;;FE6;;-0.00912679;1.97601E-05;7.22598E-06;1.68101E-05;5.78509E-06;0.00890566;0.008903977;0.012486341;0.008855205;0.008881338;0.008886124;0.008896331;0.008906664;0.008948215;0.008871048;0.008937054;0.008950925;0.008780438;0.00893819;0.008769915;5.63759E-05;2.07277E-05;-0.000196374;-0.000201406;-3.64491E-05;-2.46794E-05;0.000455097;0.000258135;4.8377E-05;1.67833E-05
9;ldhp*vp;;;MF1;;-0.01469537;-2.17213E-05;1.00807E-05;-6.41162E-05;0.000147813;0.008920502;0.008993947;0.008855205;0.024959633;0.009139303;0.009243989;0.009553408;0.009098327;0.009189346;0.013417969;0.009100361;0.008877868;0.009047662;0.00917042;0.008899129;5.61717E-05;-1.14763E-07;0.005096518;0.00492569;0.005101493;0.004879308;0.005180493;0.004738227;0.004206521;0.001286113
10;ldhp*vp;;;MJ1;;-0.010140603;1.64152E-05;8.51403E-06;-5.99487E-05;0.000146942;0.008919703;0.009044258;0.008881338;0.009139303;0.010190975;0.009124054;0.009199455;0.009130501;0.009257662;0.009202782;0.009095123;0.008921042;0.008993434;0.009163478;0.008859896;4.97008E-05;1.82355E-05;0.000604393;0.000139481;0.000375885;0.000238037;0.000432766;0.000329511;0.000294884;4.68623E-05
11;ldhp*vp;;;MJ2;;-0.010530789;2.2618E-05;8.80678E-06;-4.94379E-05;0.000188025;0.008907245;0.009069439;0.008886124;0.009243989;0.009124054;0.009999736;0.009271561;0.009184034;0.009328746;0.009336689;0.009146171;0.008951979;0.00904181;0.009244215;0.008865839;5.11406E-05;-4.23632E-05;0.000738632;0.00026366;0.000572096;0.000418684;0.000490325;0.000450996;0.000384727;7.34053E-05
12;ldhp*vp;;;MS1;;-0.011719736;0.000209617;5.7694E-06;-0.000189515;0.00023787;0.008936773;0.009148826;0.008896331;0.009553408;0.009199455;0.009271561;0.011887031;0.009276354;0.009535776;0.010142012;0.009190961;0.008945314;0.009093152;0.009355358;0.008855347;4.30108E-05;2.89913E-06;0.00144227;0.001021097;0.001154869;0.000448867;0.001261029;0.001144873;0.000654787;-0.000504774
13;ldhp*vp;;;MS2;;-0.010530887;0.00016139;8.55717E-06;-0.000162907;0.000184833;0.008922552;0.009084716;0.008906664;0.009098327;0.009130501;0.009184034;0.009276354;0.011352667;0.00937163;0.009109482;0.009166609;0.00894895;0.009031012;0.009257425;0.008873075;7.04859E-05;-6.221E-08;0.000498825;2.55868E-05;0.000252901;0.000158968;0.000245094;0.000256708;2.37089E-05;1.46976E-06
14;ldhp*vp;;;MS6;;-0.011520173;0.000362111;7.4526E-06;-0.000308129;0.000272558;0.008966638;0.009207995;0.008948215;0.009189346;0.009257662;0.009328746;0.009535776;0.00937163;0.013762544;0.009260802;0.009300484;0.009020927;0.009119521;0.009460573;0.008866647;6.93138E-05;3.09558E-05;0.00070991;4.39331E-05;0.000388203;-0.00020771;0.000473103;0.00045879;0.00018991;-2.09463E-05
15;ldhp*vp;;;RC3;;-0.019161181;0.000293239;4.7408E-06;-0.000260189;0.000134451;0.008977762;0.009002322;0.008871048;0.013417969;0.009202782;0.009336689;0.010142012;0.009109482;0.009260802;0.031838817;0.009093809;0.008894614;0.00900227;0.009155416;0.008873454;3.60763E-05;-1.45225E-05;0.009146377;0.00882209;0.008959898;0.008629806;0.00911604;0.008878859;0.008600691;-0.009375895
16;ldhp*vp;;;RE2;;-0.01070687;0.000316939;1.08396E-05;-0.000247759;0.000144213;0.008921272;0.009027687;0.008937054;0.009100361;0.009095123;0.009146171;0.009190961;0.009166609;0.009300484;0.009093809;0.027190724;0.008981171;0.009020392;0.009240927;0.008896697;9.9194E-05;1.97327E-05;0.000274926;-0.000154674;0.000231648;0.000186698;0.000431376;4.92294E-05;0.000256546;2.84899E-05
17;ldhp*vp;;;RP1;;-0.009408824;-7.40076E-06;4.514E-06;0.000103685;6.4581E-05;0.008874278;0.008921655;0.008950925;0.008877868;0.008921042;0.008951979;0.008945314;0.00894895;0.009020927;0.008894614;0.008981171;0.014893738;0.008842761;0.00899538;0.008762596;1.92205E-05;-2.02524E-05;-0.000101308;-0.000574598;0.000107844;7.09695E-05;0.000340805;0.000269989;0.000235116;7.97535E-06
18;ldhp*vp;;;RS1;;-0.009946745;0.000107582;3.76174E-06;-0.000107135;0.000130318;0.008812024;0.008922851;0.008780438;0.009047662;0.008993434;0.00904181;0.009093152;0.009031012;0.009119521;0.00900227;0.009020392;0.008842761;0.013263978;0.009063608;0.008932884;1.91193E-05;-3.28817E-05;0.000429046;-3.21689E-06;0.00028868;6.63982E-06;-0.00016921;-9.87372E-05;-0.00034019;7.40191E-07
19;ldhp*vp;;;RS2;;-0.01101891;0.000230548;8.31382E-06;-0.000235991;0.000248671;0.008893971;0.009108266;0.00893819;0.00917042;0.009163478;0.009244215;0.009355358;0.009257425;0.009460573;0.009155416;0.009240927;0.00899538;0.009063608;0.016219039;0.008831493;5.19364E-05;1.6033E-06;0.000279446;0.000212109;0.000404121;0.0001511;0.000344094;0.000285422;0.00027161;-2.31029E-06
20;ldhp*vp;;;RS5;;-0.009248866;0.000150231;7.51154E-06;-0.00015442;-9.05299E-06;0.008821199;0.008800866;0.008769915;0.008899129;0.008859896;0.008865839;0.008855347;0.008873075;0.008866647;0.008873454;0.008896697;0.008762596;0.008932884;0.008831493;0.015117292;5.10026E-05;3.66401E-06;0.000228886;-9.89334E-05;2.59553E-05;-0.000112355;-0.00089943;-0.000182715;-0.000423223;2.76773E-05
22;ldhp*pert;INT;;;;3.55766E-06;-8.06306E-05;5.48008E-06;5.73583E-05;-5.50557E-06;5.6127E-05;4.64374E-05;5.63759E-05;5.61717E-05;4.97008E-05;5.11406E-05;4.30108E-05;7.04859E-05;6.93138E-05;3.60763E-05;9.9194E-05;1.92205E-05;1.91193E-05;5.19364E-05;5.10026E-05;0.000284219;5.02434E-05;-5.60287E-06;-1.89153E-05;-2.1821E-05;-3.59182E-05;-2.09204E-05;-1.71119E-05;-2.10803E-05;4.05093E-05
23;ldhp*pert;MOY;;;;-3.9726E-05;-6.91135E-05;2.61595E-06;8.70973E-05;1.77686E-05;3.7641E-05;4.33893E-05;2.07277E-05;-1.14763E-07;1.82355E-05;-4.23632E-05;2.89913E-06;-6.221E-08;3.09558E-05;-1.45225E-05;1.97327E-05;-2.02524E-05;-3.28817E-05;1.6033E-06;3.66401E-06;5.02434E-05;0.000603331;-2.10388E-05;-1.37751E-05;-2.97489E-05;-3.07488E-05;1.52062E-06;-2.51102E-05;-1.77027E-06;1.40515E-05
25;ldhp*milieu;;;;0;-0.011456873;0.000133369;-1.09688E-06;-5.52009E-05;0.000227272;0.000200908;0.00033928;-0.000196374;0.005096518;0.000604393;0.000738632;0.00144227;0.000498825;0.00070991;0.009146377;0.000274926;-0.000101308;0.000429046;0.000279446;0.000228886;-5.60287E-06;-2.10388E-05;0.011652121;0.009716843;0.009865899;0.009635145;0.009503638;0.009539152;0.00922305;0.002498387
26;ldhp*milieu;;;;1;-0.010163318;1.55843E-05;-4.58811E-06;5.08533E-05;9.65624E-05;-7.58994E-05;2.59296E-05;-0.000201406;0.00492569;0.000139481;0.00026366;0.001021097;2.55868E-05;4.39331E-05;0.00882209;-0.000154674;-0.000574598;-3.21689E-06;0.000212109;-9.89334E-05;-1.89153E-05;-1.37751E-05;0.009716843;0.013401174;0.009705963;0.009517376;0.009608751;0.009505423;0.00925953;0.002500257
27;ldhp*milieu;;;;2;-0.011104034;1.01303E-05;-2.83121E-06;3.8523E-05;0.000247855;1.61457E-06;0.000128275;-3.64491E-05;0.005101493;0.000375885;0.000572096;0.001154869;0.000252901;0.000388203;0.008959898;0.000231648;0.000107844;0.00028868;0.000404121;2.59553E-05;-2.1821E-05;-2.97489E-05;0.009865899;0.009705963;0.010174676;0.009736841;0.009514101;0.009570632;0.009239052;0.002526871
28;ldhp*milieu;;;;3;-0.010748213;0.000129784;-4.14077E-06;-9.02771E-05;0.000202445;-0.000150603;-7.24084E-05;-2.46794E-05;0.004879308;0.000238037;0.000418684;0.000448867;0.000158968;-0.00020771;0.008629806;0.000186698;7.09695E-05;6.63982E-06;0.0001511;-0.000112355;-3.59182E-05;-3.07488E-05;0.009635145;0.009517376;0.009736841;0.014448933;0.00936667;0.009405941;0.009184754;0.00263598
29;ldhp*milieu;;;;4;-0.010080759;5.71949E-05;-4.46326E-06;1.78809E-05;7.7451E-06;0.000537169;0.000421929;0.000455097;0.005180493;0.000432766;0.000490325;0.001261029;0.000245094;0.000473103;0.00911604;0.000431376;0.000340805;-0.00016921;0.000344094;-0.00089943;-2.09204E-05;1.52062E-06;0.009503638;0.009608751;0.009514101;0.00936667;0.019541601;0.009548695;0.009419026;0.002505036
30;ldhp*milieu;;;;5;-0.010416905;3.40829E-05;-1.65802E-06;1.51167E-05;0.000121174;0.000225453;0.000274859;0.000258135;0.004738227;0.000329511;0.000450996;0.001144873;0.000256708;0.00045879;0.008878859;4.92294E-05;0.000269989;-9.87372E-05;0.000285422;-0.000182715;-1.71119E-05;-2.51102E-05;0.009539152;0.009505423;0.009570632;0.009405941;0.009548695;0.010975205;0.00919592;0.002488908
31;ldhp*milieu;;;;6;-0.00984307;0.000149529;-3.01343E-06;-8.59498E-05;2.44046E-05;0.000304815;0.000154044;4.8377E-05;0.004206521;0.000294884;0.000384727;0.000654787;2.37089E-05;0.00018991;0.008600691;0.000256546;0.000235116;-0.00034019;0.00027161;-0.000423223;-2.10803E-05;-1.77027E-06;0.00922305;0.00925953;0.009239052;0.009184754;0.009419026;0.00919592;0.021196797;0.002539782
32;ldhp*milieu;;;;7;-0.00252351;-9.98055E-06;2.9395E-06;1.66504E-05;-1.4773E-05;3.78338E-05;-6.37897E-06;1.67833E-05;0.001286113;4.68623E-05;7.34053E-05;-0.000504774;1.46976E-06;-2.09463E-05;-0.009375895;2.84899E-05;7.97535E-06;7.40191E-07;-2.31029E-06;2.76773E-05;4.05093E-05;1.40515E-05;0.002498387;0.002500257;0.002526871;0.00263598;0.002505036;0.002488908;0.002539782;0.035693944
