Row;Effect;pert;sdom;vp;milieu;Col1;Col2;Col3;Col4;Col5;Col6;Col7;Col8;Col9;Col10;Col11;Col12;Col14;Col15;Col16;Col17;Col18;Col19;Col20;Col21;Col22;Col23;Col24;Col25;Col26;Col27;Col29;Col30;Col31;Col32;Col34;Col35;Col36;Col37;Col38;Col39;Col40;Col41;Col42
1;ldhp;;;;;0.012406976;-0.001286095;6.34784E-06;0.000894786;-0.000996994;0.000191061;-0.000910306;0.000222519;-0.000368068;0.001181914;-0.000482865;0.000505455;-0.000631074;-0.000384446;-0.000360273;-0.000489557;-0.000613201;-0.001070863;-0.000875128;-0.001014248;-0.000859292;-0.002066883;-0.000332595;-0.000788699;-0.00058343;-0.000565352;0.000300018;-8.13635E-06;-1.14347E-05;2.56242E-05;-0.001406755;-0.001378813;-0.001365298;-0.001710101;-0.00140857;-0.001291153;-0.001728899;-0.000584025;-0.001084929
2;ldhp2;;;;;-0.001286095;0.000655198;-4.24951E-06;-0.000512695;1.59E-05;-1.48321E-05;-3.23932E-05;1.98485E-05;-1.67882E-05;2.07554E-06;4.36254E-06;7.04702E-06;3.54841E-05;5.69178E-06;1.42261E-05;1.28195E-05;2.67891E-05;-3.3761E-05;-2.04964E-05;0.000110313;9.75554E-05;5.70891E-05;0.000102311;1.44255E-05;2.87681E-05;5.94487E-05;-1.85949E-06;1.02081E-07;-5.77521E-08;-1.84716E-05;-7.24774E-05;-7.11003E-05;-7.63351E-05;-7.61357E-05;-6.99953E-05;-7.62738E-05;-7.24382E-05;-9.24836E-06;-2.75641E-05
3;ldhp*st;;;;;6.34784E-06;-4.24951E-06;1.88111E-07;2.60926E-06;2.66947E-09;1.73275E-07;4.98672E-07;2.8929E-07;3.73109E-07;2.43469E-07;1.541E-07;-8.33888E-08;-2.17009E-08;-5.17441E-09;1.12852E-07;1.0737E-07;5.78729E-07;1.33662E-07;-1.41631E-06;1.21528E-06;4.10632E-08;2.96526E-07;2.23894E-07;-2.88137E-07;-5.28886E-07;-1.79786E-07;-7.71566E-08;-3.24581E-10;4.60324E-07;4.34572E-07;-3.56316E-07;-4.82535E-07;-5.2292E-07;-1.13549E-06;-2.23094E-07;-2.60985E-07;-5.53628E-07;-2.16936E-07;-6.96666E-08
4;ldhp*rdhp;;;;;0.000894786;-0.000512695;2.60926E-06;0.000534297;-1.66839E-05;6.52965E-06;2.60298E-05;-2.04234E-05;9.72615E-06;-6.44407E-06;-3.47883E-06;-5.02864E-06;-3.85384E-05;-5.11522E-06;-1.43808E-05;-1.66467E-05;-4.14628E-05;3.2283E-05;2.8275E-05;-9.70369E-05;-8.05056E-05;-4.5687E-05;-8.45823E-05;1.87778E-06;-2.63381E-05;-5.26674E-05;2.47716E-06;-8.94149E-08;2.80974E-06;1.46823E-05;6.53091E-05;6.88333E-05;7.19594E-05;7.86109E-05;6.09974E-05;6.81293E-05;7.00305E-05;9.56063E-06;2.32186E-05
5;ldhp*sdom;;2EST;;;-0.000996994;1.59E-05;2.66947E-09;-1.66839E-05;0.009600651;0.001122995;0.001317141;0.000984726;0.000859069;0.000459752;0.000551477;-0.000123021;0.000278817;-0.000234813;-1.36435E-05;0.00019651;0.000252248;0.000595849;-0.00097337;0.000162678;0.000299425;0.00040835;0.000123033;0.0002417;0.000202924;0.000279898;-0.000279624;3.56395E-07;-2.90338E-05;8.94928E-06;0.000196957;0.000169069;0.00013731;0.000358643;-0.00012571;9.08644E-05;0.000322459;3.49244E-05;0.00012269
6;ldhp*sdom;;3EST;;;0.000191061;-1.48321E-05;1.73275E-07;6.52965E-06;0.001122995;0.002319291;0.000778679;0.000732541;0.000567492;0.000494291;0.000377774;6.40619E-05;-2.21817E-07;-0.00010728;-0.000456701;-9.99018E-05;-6.63519E-05;0.000345049;-0.000315986;-0.00010191;-2.42335E-05;0.000131644;-9.03507E-05;-4.42211E-05;-4.47844E-05;-4.49945E-05;-0.000144489;-5.12736E-07;-1.01039E-05;4.76988E-06;0.000168142;0.000185347;0.000146517;0.000290274;0.000173482;0.000137592;0.000259569;1.33274E-05;6.99769E-06
7;ldhp*sdom;;3OUEST;;;-0.000910306;-3.23932E-05;4.98672E-07;2.60298E-05;0.001317141;0.000778679;0.002498599;0.000676987;0.000703383;0.000301758;0.00046091;-8.04393E-05;-5.97185E-06;-0.000526084;-0.000128896;-0.000100934;2.25843E-05;0.000406164;0.000183986;-5.70291E-05;6.49393E-06;0.00013695;-0.000124798;-0.00095238;-9.92137E-05;-1.20753E-05;-0.0002197;7.01758E-07;-4.39554E-06;3.91299E-06;9.45341E-05;0.000123858;9.29463E-05;0.000309537;8.24429E-05;6.31754E-05;0.000286156;1.47324E-05;-7.04617E-05
8;ldhp*sdom;;4EST;;;0.000222519;1.98485E-05;2.8929E-07;-2.04234E-05;0.000984726;0.000732541;0.000676987;0.002037209;0.000514199;0.000498832;0.000361856;9.28885E-05;-8.43987E-05;-0.000160563;-0.000597444;-0.000237849;-0.001078815;0.000235359;-0.000561329;-0.0001688;-0.000130409;5.50261E-05;-0.000299909;-0.000146522;-0.000208217;-0.000171737;-0.00011986;-4.86824E-07;-8.35928E-06;2.15241E-06;0.000138355;0.000125016;0.000127664;0.000147585;0.000111073;0.000154136;0.000232223;-1.87132E-05;-2.77846E-05
9;ldhp*sdom;;4OUEST;;;-0.000368068;-1.67882E-05;3.73109E-07;9.72615E-06;0.000859069;0.000567492;0.000703383;0.000514199;0.00077886;0.000322098;0.000345873;4.87339E-05;1.14865E-05;-0.000197729;-5.6933E-05;-7.29094E-05;1.15169E-05;0.000270973;7.96819E-05;-1.75544E-05;1.00494E-05;0.000108813;-6.12429E-05;-0.00010016;2.57375E-05;-2.00003E-05;-0.000127247;1.42106E-07;-2.9249E-06;7.20769E-07;6.22973E-05;4.1079E-05;5.68955E-05;0.000205337;3.60879E-05;5.95601E-05;0.000212021;2.31072E-05;9.43613E-08
10;ldhp*sdom;;5EST;;;0.001181914;2.07554E-06;2.43469E-07;-6.44407E-06;0.000459752;0.000494291;0.000301758;0.000498832;0.000322098;0.001067378;0.000223024;0.000269952;8.94503E-05;1.30419E-05;-5.56878E-05;-0.000116688;-9.49812E-05;0.000189193;-2.59851E-05;8.26969E-06;2.74521E-05;5.56099E-05;-1.59432E-05;-3.13439E-05;6.60034E-05;-3.44728E-05;-7.12348E-06;-1.46643E-06;-5.28309E-06;2.07866E-07;-4.6631E-05;-1.72954E-05;-1.48925E-05;-0.000147236;-2.74133E-06;2.04862E-05;4.51528E-05;-5.81237E-07;-1.57401E-05
11;ldhp*sdom;;5OUEST;;;-0.000482865;4.36254E-06;1.541E-07;-3.47883E-06;0.000551477;0.000377774;0.00046091;0.000361856;0.000345873;0.000223024;0.000549491;7.12781E-05;-5.54539E-05;-3.91248E-05;-7.64983E-05;-0.000100126;-6.18182E-05;0.000105843;1.22245E-05;-7.04719E-06;-1.95471E-05;7.03518E-05;-7.41444E-05;-7.47058E-06;-4.14881E-05;-4.80246E-05;-8.04762E-05;2.7963E-07;-3.03855E-06;1.3484E-06;6.54395E-05;3.90451E-05;5.38786E-05;0.000133179;4.46305E-05;6.01063E-05;0.00013559;-1.83417E-05;2.07048E-05
12;ldhp*sdom;;6EST;;;0.000505455;7.04702E-06;-8.33888E-08;-5.02864E-06;-0.000123021;6.40619E-05;-8.04393E-05;9.28885E-05;4.87339E-05;0.000269952;7.12781E-05;0.000460638;6.85992E-05;4.92355E-05;5.32378E-05;3.64539E-05;7.87312E-06;0.000111301;-2.58055E-06;6.61853E-05;6.02968E-05;5.98507E-05;-2.42078E-05;1.21603E-05;9.65832E-05;-2.52046E-05;7.79611E-05;-7.27545E-07;1.14194E-06;-3.99082E-07;-6.77517E-05;-4.04654E-05;-4.93627E-05;-3.52757E-05;7.42237E-06;-1.90246E-05;3.33112E-05;1.49758E-05;-1.51294E-05
14;ldhp*vp;;;ME1;;-0.000631074;3.54841E-05;-2.17009E-08;-3.85384E-05;0.000278817;-2.21817E-07;-5.97185E-06;-8.43987E-05;1.14865E-05;8.94503E-05;-5.54539E-05;6.85992E-05;0.053183676;0.032069816;0.032408922;0.033332583;0.033394491;0.001104265;0.001043419;0.03330989;0.033333665;0.000688886;0.033276874;0.033218725;0.033305233;0.033293168;2.41673E-05;-5.8345E-08;1.17085E-05;2.10256E-06;-0.032681361;-0.032695808;-0.032672339;-0.033201755;-0.032040564;-0.032683874;-0.033689631;4.00482E-05;-0.000562782
15;ldhp*vp;;;MJ2;;-0.000384446;5.69178E-06;-5.17441E-09;-5.11522E-06;-0.000234813;-0.00010728;-0.000526084;-0.000160563;-0.000197729;1.30419E-05;-3.91248E-05;4.92355E-05;0.032069816;0.033905166;0.031335555;0.032136343;0.032153959;0.000961107;0.001079081;0.032048869;0.032071721;0.000611654;0.032066978;0.032416451;0.032125615;0.032075017;1.6338E-05;-1.34824E-07;-2.62224E-06;-3.1392E-07;-0.031553891;-0.031525451;-0.031561906;-0.031576384;-0.03094621;-0.031564114;-0.031565766;9.73149E-06;-0.000531755
16;ldhp*vp;;;MS1;;-0.000360273;1.42261E-05;1.12852E-07;-1.43808E-05;-1.36435E-05;-0.000456701;-0.000128896;-0.000597444;-5.6933E-05;-5.56878E-05;-7.64983E-05;5.32378E-05;0.032408922;0.031335555;0.03475984;0.032489083;0.032807079;0.001003014;0.001343308;0.032396906;0.032410172;0.000617201;0.032469187;0.032445679;0.032466789;0.032428115;1.93066E-05;-1.85399E-07;2.05204E-07;2.08637E-06;-0.031887925;-0.03187556;-0.031906988;-0.031889343;-0.031257911;-0.031872608;-0.031892195;2.41442E-05;-0.000564768
17;ldhp*vp;;;MS2;;-0.000489557;1.28195E-05;1.0737E-07;-1.66467E-05;0.00019651;-9.99018E-05;-0.000100934;-0.000237849;-7.29094E-05;-0.000116688;-0.000100126;3.64539E-05;0.033332583;0.032136343;0.032489083;0.033808841;0.033441644;0.001035251;0.001099117;0.033249656;0.033263775;0.000636741;0.033287835;0.033290406;0.033275916;0.033276026;1.45015E-05;-7.29964E-08;5.44414E-06;-1.64041E-06;-0.032691746;-0.032691552;-0.032723953;-0.032815264;-0.032041188;-0.032714332;-0.03276178;2.89728E-05;-0.000559378
18;ldhp*vp;;;MS6;;-0.000613201;2.67891E-05;5.78729E-07;-4.14628E-05;0.000252248;-6.63519E-05;2.25843E-05;-0.001078815;1.15169E-05;-9.49812E-05;-6.18182E-05;7.87312E-06;0.033394491;0.032153959;0.032807079;0.033441644;0.040797391;0.001038338;0.001448008;0.033322479;0.033341229;0.000652107;0.033428162;0.03331407;0.033408433;0.033369151;-3.55953E-06;2.06677E-08;-2.39772E-06;2.3805E-06;-0.032770582;-0.032775873;-0.032785848;-0.033095889;-0.032082415;-0.032756771;-0.03275541;3.67021E-05;-0.000547411
19;ldhp*vp;;;RB1;;-0.001070863;-3.3761E-05;1.33662E-07;3.2283E-05;0.000595849;0.000345049;0.000406164;0.000235359;0.000270973;0.000189193;0.000105843;0.000111301;0.001104265;0.000961107;0.001003014;0.001035251;0.001038338;0.023833093;0.001404688;0.001086412;0.001091084;0.001067712;0.001022983;0.000943771;0.001080311;0.001048541;-3.03611E-05;8.63692E-08;4.18948E-06;3.3841E-06;-0.000159326;-0.000151581;-0.000149889;-9.78516E-05;-0.000129323;-0.000148091;-6.53551E-05;-4.87684E-05;-0.000643777
20;ldhp*vp;;;RC3;;-0.000875128;-2.04964E-05;-1.41631E-06;2.8275E-05;-0.00097337;-0.000315986;0.000183986;-0.000561329;7.96819E-05;-2.59851E-05;1.22245E-05;-2.58055E-06;0.001043419;0.001079081;0.001343308;0.001099117;0.001448008;0.001404688;0.011104602;0.001026439;0.00105651;0.000915157;0.001076732;0.000977878;0.00113346;0.001072272;-1.7185E-05;1.32753E-07;4.43659E-06;-2.34964E-06;-0.000260458;-0.000247515;-0.000261297;-0.000204513;-0.000209969;-0.000265352;-0.000232813;-5.24748E-05;-0.000675318
21;ldhp*vp;;;RE1;;-0.001014248;0.000110313;1.21528E-06;-9.70369E-05;0.000162678;-0.00010191;-5.70291E-05;-0.0001688;-1.75544E-05;8.26969E-06;-7.04719E-06;6.61853E-05;0.03330989;0.032048869;0.032396906;0.033249656;0.033322479;0.001086412;0.001026439;0.033891267;0.033310501;0.000717451;0.033347527;0.033202714;0.033239465;0.033276646;4.8716E-05;1.52148E-07;1.19309E-05;6.49366E-06;-0.032710013;-0.032754694;-0.032692356;-0.032718758;-0.032060179;-0.032668764;-0.032689829;3.79865E-05;-0.000570355
22;ldhp*vp;;;RE2;;-0.000859292;9.75554E-05;4.10632E-08;-8.05056E-05;0.000299425;-2.42335E-05;6.49393E-06;-0.000130409;1.00494E-05;2.74521E-05;-1.95471E-05;6.02968E-05;0.033333665;0.032071721;0.032410172;0.033263775;0.033341229;0.001091084;0.00105651;0.033310501;0.03340082;0.000695139;0.033291394;0.033222971;0.033253934;0.033266512;1.97666E-05;5.00274E-08;7.93021E-06;3.65162E-06;-0.032691811;-0.032716199;-0.032680171;-0.032699197;-0.032066646;-0.032703361;-0.032722718;3.58264E-05;-0.000563828
23;ldhp*vp;;;RE3;;-0.002066883;5.70891E-05;2.96526E-07;-4.5687E-05;0.00040835;0.000131644;0.00013695;5.50261E-05;0.000108813;5.56099E-05;7.03518E-05;5.98507E-05;0.000688886;0.000611654;0.000617201;0.000636741;0.000652107;0.001067712;0.000915157;0.000717451;0.000695139;0.001707728;0.000639223;0.000637544;0.000668913;0.000649286;-1.0542E-05;4.1303E-07;1.1913E-06;2.46292E-06;0.000807994;0.000809107;0.000814352;0.000834892;0.000827931;0.000814848;0.00086723;0.000105418;0.000527058
24;ldhp*vp;;;RE4;;-0.000332595;0.000102311;2.23894E-07;-8.45823E-05;0.000123033;-9.03507E-05;-0.000124798;-0.000299909;-6.12429E-05;-1.59432E-05;-7.41444E-05;-2.42078E-05;0.033276874;0.032066978;0.032469187;0.033287835;0.033428162;0.001022983;0.001076732;0.033347527;0.033291394;0.000639223;0.046154418;0.033202375;0.033243003;0.033319769;5.3314E-05;-4.25256E-07;9.82101E-06;-4.53525E-08;-0.032772692;-0.032722454;-0.032749972;-0.032752162;-0.032071446;-0.032688499;-0.03276561;2.56923E-05;-0.000591077
25;ldhp*vp;;;RP1;;-0.000788699;1.44255E-05;-2.88137E-07;1.87778E-06;0.0002417;-4.42211E-05;-0.00095238;-0.000146522;-0.00010016;-3.13439E-05;-7.47058E-06;1.21603E-05;0.033218725;0.032416451;0.032445679;0.033290406;0.03331407;0.000943771;0.000977878;0.033202714;0.033222971;0.000637544;0.033202375;0.041621906;0.033309744;0.033216432;-7.52137E-06;2.32371E-07;2.68685E-06;-1.49516E-06;-0.032740092;-0.032691583;-0.032686643;-0.032680853;-0.0319868;-0.032646053;-0.032671573;1.62987E-05;-0.000471867
26;ldhp*vp;;;RS1;;-0.00058343;2.87681E-05;-5.28886E-07;-2.63381E-05;0.000202924;-4.47844E-05;-9.92137E-05;-0.000208217;2.57375E-05;6.60034E-05;-4.14881E-05;9.65832E-05;0.033305233;0.032125615;0.032466789;0.033275916;0.033408433;0.001080311;0.00113346;0.033239465;0.033253934;0.000668913;0.033243003;0.033309744;0.036002949;0.033237508;1.00965E-05;-7.13077E-08;2.53327E-06;1.6463E-07;-0.032685087;-0.032668802;-0.032683216;-0.032701219;-0.03208389;-0.032682484;-0.032689074;3.65473E-05;-0.000548053
27;ldhp*vp;;;RS2;;-0.000565352;5.94487E-05;-1.79786E-07;-5.26674E-05;0.000279898;-4.49945E-05;-1.20753E-05;-0.000171737;-2.00003E-05;-3.44728E-05;-4.80246E-05;-2.52046E-05;0.033293168;0.032075017;0.032428115;0.033276026;0.033369151;0.001048541;0.001072272;0.033276646;0.033266512;0.000649286;0.033319769;0.033216432;0.033237508;0.033436807;1.3564E-05;-1.04998E-07;4.1332E-06;-6.69297E-07;-0.032690825;-0.032712337;-0.032692538;-0.03273426;-0.032066879;-0.032717305;-0.032732328;2.7857E-05;-0.000570045
29;ldhp*Tmoy;;;;;0.000300018;-1.85949E-06;-7.71566E-08;2.47716E-06;-0.000279624;-0.000144489;-0.0002197;-0.00011986;-0.000127247;-7.12348E-06;-8.04762E-05;7.79611E-05;2.41673E-05;1.6338E-05;1.93066E-05;1.45015E-05;-3.55953E-06;-3.03611E-05;-1.7185E-05;4.8716E-05;1.97666E-05;-1.0542E-05;5.3314E-05;-7.52137E-06;1.00965E-05;1.3564E-05;6.39889E-05;-2.95546E-07;-1.05336E-06;-1.00007E-06;-3.69847E-05;-3.74092E-05;-2.15351E-05;-6.73762E-05;-1.98833E-05;-1.56829E-05;-5.21141E-05;3.23999E-06;-1.37421E-05
30;ldhp*Ptot;;;;;-8.13635E-06;1.02081E-07;-3.24581E-10;-8.94149E-08;3.56395E-07;-5.12736E-07;7.01758E-07;-4.86824E-07;1.42106E-07;-1.46643E-06;2.7963E-07;-7.27545E-07;-5.8345E-08;-1.34824E-07;-1.85399E-07;-7.29964E-08;2.06677E-08;8.63692E-08;1.32753E-07;1.52148E-07;5.00274E-08;4.1303E-07;-4.25256E-07;2.32371E-07;-7.13077E-08;-1.04998E-07;-2.95546E-07;8.07817E-09;2.04831E-09;-1.37173E-09;4.05481E-07;3.70424E-07;3.54404E-07;6.71196E-07;3.74203E-07;2.69436E-07;6.26527E-07;8.08518E-08;2.57375E-07
31;ldhp*pert;INT;;;;-1.14347E-05;-5.77521E-08;4.60324E-07;2.80974E-06;-2.90338E-05;-1.01039E-05;-4.39554E-06;-8.35928E-06;-2.9249E-06;-5.28309E-06;-3.03855E-06;1.14194E-06;1.17085E-05;-2.62224E-06;2.05204E-07;5.44414E-06;-2.39772E-06;4.18948E-06;4.43659E-06;1.19309E-05;7.93021E-06;1.1913E-06;9.82101E-06;2.68685E-06;2.53327E-06;4.1332E-06;-1.05336E-06;2.04831E-09;0.000178667;5.28677E-06;-9.06355E-06;-9.95901E-06;-1.11745E-05;-9.79913E-06;-1.03906E-05;-8.83299E-06;-1.42125E-05;4.88445E-07;-4.36205E-06
32;ldhp*pert;MOY;;;;2.56242E-05;-1.84716E-05;4.34572E-07;1.46823E-05;8.94928E-06;4.76988E-06;3.91299E-06;2.15241E-06;7.20769E-07;2.07866E-07;1.3484E-06;-3.99082E-07;2.10256E-06;-3.1392E-07;2.08637E-06;-1.64041E-06;2.3805E-06;3.3841E-06;-2.34964E-06;6.49366E-06;3.65162E-06;2.46292E-06;-4.53525E-08;-1.49516E-06;1.6463E-07;-6.69297E-07;-1.00007E-06;-1.37173E-09;5.28677E-06;3.8167E-05;-1.99254E-06;-1.73603E-06;-3.19718E-06;-2.45089E-06;-3.97768E-06;-2.76074E-06;-3.5518E-06;-1.03303E-06;-1.5815E-06
34;ldhp*milieu;;;;0;-0.001406755;-7.24774E-05;-3.56316E-07;6.53091E-05;0.000196957;0.000168142;9.45341E-05;0.000138355;6.22973E-05;-4.6631E-05;6.54395E-05;-6.77517E-05;-0.032681361;-0.031553891;-0.031887925;-0.032691746;-0.032770582;-0.000159326;-0.000260458;-0.032710013;-0.032691811;0.000807994;-0.032772692;-0.032740092;-0.032685087;-0.032690825;-3.69847E-05;4.05481E-07;-9.06355E-06;-1.99254E-06;0.034367288;0.033826649;0.03380646;0.03386316;0.033176788;0.033810908;0.033856896;0.000480564;0.001461301
35;ldhp*milieu;;;;1;-0.001378813;-7.11003E-05;-4.82535E-07;6.88333E-05;0.000169069;0.000185347;0.000123858;0.000125016;4.1079E-05;-1.72954E-05;3.90451E-05;-4.04654E-05;-0.032695808;-0.031525451;-0.03187556;-0.032691552;-0.032775873;-0.000151581;-0.000247515;-0.032754694;-0.032716199;0.000809107;-0.032722454;-0.032691583;-0.032668802;-0.032712337;-3.74092E-05;3.70424E-07;-9.95901E-06;-1.73603E-06;0.033826649;0.03429983;0.033820551;0.03387586;0.03320403;0.033827363;0.033882103;0.000482169;0.001461651
36;ldhp*milieu;;;;2;-0.001365298;-7.63351E-05;-5.2292E-07;7.19594E-05;0.00013731;0.000146517;9.29463E-05;0.000127664;5.68955E-05;-1.48925E-05;5.38786E-05;-4.93627E-05;-0.032672339;-0.031561906;-0.031906988;-0.032723953;-0.032785848;-0.000149889;-0.000261297;-0.032692356;-0.032680171;0.000814352;-0.032749972;-0.032686643;-0.032683216;-0.032692538;-2.15351E-05;3.54404E-07;-1.11745E-05;-3.19718E-06;0.03380646;0.033820551;0.033900513;0.033857949;0.033176614;0.033815939;0.033858179;0.000484598;0.001456124
37;ldhp*milieu;;;;3;-0.001710101;-7.61357E-05;-1.13549E-06;7.86109E-05;0.000358643;0.000290274;0.000309537;0.000147585;0.000205337;-0.000147236;0.000133179;-3.52757E-05;-0.033201755;-0.031576384;-0.031889343;-0.032815264;-0.033095889;-9.78516E-05;-0.000204513;-0.032718758;-0.032699197;0.000834892;-0.032752162;-0.032680853;-0.032701219;-0.03273426;-6.73762E-05;6.71196E-07;-9.79913E-06;-2.45089E-06;0.03386316;0.03387586;0.033857949;0.036262764;0.03321917;0.033850628;0.033980833;0.000490132;0.001463378
38;ldhp*milieu;;;;4;-0.00140857;-6.99953E-05;-2.23094E-07;6.09974E-05;-0.00012571;0.000173482;8.24429E-05;0.000111073;3.60879E-05;-2.74133E-06;4.46305E-05;7.42237E-06;-0.032040564;-0.03094621;-0.031257911;-0.032041188;-0.032082415;-0.000129323;-0.000209969;-0.032060179;-0.032066646;0.000827931;-0.032071446;-0.0319868;-0.03208389;-0.032066879;-1.98833E-05;3.74203E-07;-1.03906E-05;-3.97768E-06;0.033176788;0.03320403;0.033176614;0.03321917;0.034580046;0.033190403;0.033246113;0.000485358;0.001447545
39;ldhp*milieu;;;;5;-0.001291153;-7.62738E-05;-2.60985E-07;6.81293E-05;9.08644E-05;0.000137592;6.31754E-05;0.000154136;5.95601E-05;2.04862E-05;6.01063E-05;-1.90246E-05;-0.032683874;-0.031564114;-0.031872608;-0.032714332;-0.032756771;-0.000148091;-0.000265352;-0.032668764;-0.032703361;0.000814848;-0.032688499;-0.032646053;-0.032682484;-0.032717305;-1.56829E-05;2.69436E-07;-8.83299E-06;-2.76074E-06;0.033810908;0.033827363;0.033815939;0.033850628;0.033190403;0.034084974;0.033871031;0.000483686;0.001454615
40;ldhp*milieu;;;;6;-0.001728899;-7.24382E-05;-5.53628E-07;7.00305E-05;0.000322459;0.000259569;0.000286156;0.000232223;0.000212021;4.51528E-05;0.00013559;3.33112E-05;-0.033689631;-0.031565766;-0.031892195;-0.03276178;-0.03275541;-6.53551E-05;-0.000232813;-0.032689829;-0.032722718;0.00086723;-0.03276561;-0.032671573;-0.032689074;-0.032732328;-5.21141E-05;6.26527E-07;-1.42125E-05;-3.5518E-06;0.033856896;0.033882103;0.033858179;0.033980833;0.033246113;0.033871031;0.035222373;0.000495793;0.001467736
41;ldhp*milieu;;;;7;-0.000584025;-9.24836E-06;-2.16936E-07;9.56063E-06;3.49244E-05;1.33274E-05;1.47324E-05;-1.87132E-05;2.31072E-05;-5.81237E-07;-1.83417E-05;1.49758E-05;4.00482E-05;9.73149E-06;2.41442E-05;2.89728E-05;3.67021E-05;-4.87684E-05;-5.24748E-05;3.79865E-05;3.58264E-05;0.000105418;2.56923E-05;1.62987E-05;3.65473E-05;2.7857E-05;3.23999E-06;8.08518E-08;4.88445E-07;-1.03303E-06;0.000480564;0.000482169;0.000484598;0.000490132;0.000485358;0.000483686;0.000495793;0.001293543;0.000468318
42;ldhp*milieu;;;;8;-0.001084929;-2.75641E-05;-6.96666E-08;2.32186E-05;0.00012269;6.99769E-06;-7.04617E-05;-2.77846E-05;9.43613E-08;-1.57401E-05;2.07048E-05;-1.51294E-05;-0.000562782;-0.000531755;-0.000564768;-0.000559378;-0.000547411;-0.000643777;-0.000675318;-0.000570355;-0.000563828;0.000527058;-0.000591077;-0.000471867;-0.000548053;-0.000570045;-1.37421E-05;2.57375E-07;-4.36205E-06;-1.5815E-06;0.001461301;0.001461651;0.001456124;0.001463378;0.001447545;0.001454615;0.001467736;0.000468318;0.001704571
