Row;Effect;pert;sdom;vp;millieu;Col1;Col2;Col3;Col4;Col5;Col6;Col7;Col8;Col9;Col10;Col11;Col12;Col13;Col14;Col16;Col17;Col18;Col19;Col20;Col21;Col22;Col23;Col24;Col25;Col26;Col27;Col28;Col29;Col30;Col31;Col32;Col34;Col35
1;ldhp;;;;;0.05817868;-0.007462129;-1.39907E-05;-0.017035193;0.005458317;-0.007878207;-0.009042024;-0.007775785;-0.009067723;-0.008168155;-0.00732411;-0.007469067;-0.006935175;-0.006999274;-0.027507023;-0.02749839;-0.027438301;-0.027318628;-0.027806949;-0.028326044;-0.028415334;-0.030641138;-0.028257138;-0.027909979;-0.028761347;-0.027934899;-0.028250946;-0.027482094;-0.027708934;-0.029355946;-0.028580844;-0.000119576;-1.30482E-05
2;ldhp2;;;;;-0.007462129;0.002770191;-4.23182E-06;0.004048279;-0.001485334;-0.000109961;-7.7472E-05;-0.000146983;-0.000112388;-0.000109994;-0.000129807;-0.000158317;-7.6537E-05;-0.000115593;-1.22264E-05;-1.63245E-05;-5.70218E-05;1.63709E-05;4.69077E-05;2.46134E-05;6.04009E-05;5.43095E-05;0.000104927;0.000151259;-1.48759E-05;0.000143676;0.000117463;-1.01266E-05;8.00688E-05;4.15747E-05;0.000100125;-5.08473E-06;-4.15788E-05
3;ldhp*st;;;;;-1.39907E-05;-4.23182E-06;8.32322E-07;3.16617E-05;-8.13394E-06;8.29831E-07;1.14084E-06;2.13994E-06;1.41686E-06;2.2478E-06;5.76005E-07;3.55511E-06;-3.63595E-07;2.05059E-06;9.73011E-07;-1.13975E-06;2.38047E-06;6.09889E-07;6.56937E-07;2.07038E-06;7.87529E-07;1.1932E-06;8.30271E-07;1.07552E-06;9.38081E-07;-3.47798E-06;1.313E-06;-4.22591E-06;-3.43573E-06;1.30406E-06;5.48358E-06;2.43031E-06;1.84885E-06
4;ldhp*rdhp;;;;;-0.017035193;0.004048279;3.16617E-05;0.026968962;-0.007410511;-0.00026737;-0.000473172;-0.000474661;-0.000430701;5.65443E-05;-0.000790764;0.000128286;-0.000704443;-0.000120519;0.000791068;0.000368435;0.000170359;0.000549247;0.000403986;0.000622809;-1.63564E-05;0.000514164;-2.47684E-05;0.000296989;0.00061153;0.000417641;-0.000367088;0.000613304;0.000234693;-0.000162164;-0.000317601;3.02267E-05;0.000162293
5;ldhp2*rdhp;;;;;0.005458317;-0.001485334;-8.13394E-06;-0.007410511;0.002125486;8.44832E-05;0.000129971;0.00014805;0.000125705;7.85758E-06;0.000224817;-6.47999E-06;0.000193616;5.2708E-05;-0.000187997;-6.91033E-05;-3.42607E-05;-0.000134802;-0.000106122;-0.000165523;-1.10434E-05;-0.000129538;-1.56267E-05;-8.43774E-05;-0.00013738;-0.000119558;8.00673E-05;-0.000127873;-7.06332E-05;2.6129E-05;5.25997E-05;-3.68349E-06;-3.14453E-05
6;ldhp*sdom;;1;;;-0.007878207;-0.000109961;8.29831E-07;-0.00026737;8.44832E-05;0.018841907;0.008006436;0.008567625;0.008202352;0.00852606;0.007742816;0.007894673;0.007270381;0.007230688;-0.000454714;-0.001452024;-0.000438643;-0.00023921;-0.000353233;0.000624833;0.000792015;0.002835578;0.000567595;-0.000585221;0.001079154;0.000250923;0.000447451;-0.001464382;-0.000183474;0.001759145;0.000872226;-1.47012E-05;3.29082E-05
7;ldhp*sdom;;2EST;;;-0.009042024;-7.7472E-05;1.14084E-06;-0.000473172;0.000129971;0.008006436;0.018681951;0.008029876;0.008074599;0.007983624;0.007665069;0.007679713;0.007294148;0.007247426;0.00127374;0.001338407;0.00142095;0.000622327;0.001334894;0.001750031;0.001893275;0.00397919;0.00164107;0.001199977;0.002186104;0.001097347;0.001592335;0.001321884;0.001187835;0.002918948;0.001961923;-7.10114E-06;3.25039E-05
8;ldhp*sdom;;2OUE;;;-0.007775785;-0.000146983;2.13994E-06;-0.000474661;0.00014805;0.008567625;0.008029876;0.014370283;0.008228341;0.008370384;0.007890197;0.007836536;0.007290278;0.007248076;-0.000496744;-0.000697734;-0.001196104;-0.000202762;-0.000153373;0.000530544;0.000790934;0.002778225;0.00045547;-0.001096912;0.001052839;-0.000288417;0.000237701;-0.000674055;-0.000433617;0.001747374;0.000889382;-5.40764E-05;3.30518E-05
9;ldhp*sdom;;3EST;;;-0.009067723;-0.000112388;1.41686E-06;-0.000430701;0.000125705;0.008202352;0.008074599;0.008228341;0.010311999;0.008145609;0.007685646;0.00775794;0.007277866;0.007234318;0.00092699;0.001270286;0.001266368;0.000695016;0.001268391;0.001887894;0.002001161;0.0040761;0.001840253;0.000997889;0.002298186;0.001242729;0.001770346;0.001202674;0.001208008;0.002998266;0.002061601;-1.29375E-05;1.90789E-05
10;ldhp*sdom;;3OUE;;;-0.008168155;-0.000109994;2.2478E-06;5.65443E-05;7.85758E-06;0.00852606;0.007983624;0.008370384;0.008145609;0.009664018;0.007649365;0.007882842;0.007288542;0.007253566;-0.000261604;-0.000973184;-0.000350497;-0.000149776;-7.22288E-05;0.000834824;0.000908918;0.003027496;0.000792078;0.000353001;0.001235068;0.000443236;0.000432962;-0.000958603;0.000228077;0.001967405;0.000932682;-2.28249E-05;1.24786E-05
11;ldhp*sdom;;4EST;;;-0.00732411;-0.000129807;5.76005E-07;-0.000790764;0.000224817;0.007742816;0.007665069;0.007890197;0.007685646;0.007649365;0.009389532;0.00744126;0.007455551;0.007424204;-7.96111E-05;0.000124008;-0.000266433;0.000174829;0.000234687;-0.000778104;0.00034523;0.00191029;-0.001070461;-0.000716914;0.000513745;-0.000915946;0.000293176;0.000108802;-0.000305094;0.001440909;0.000512654;-2.43067E-05;9.71278E-06
12;ldhp*sdom;;4OUE;;;-0.007469067;-0.000158317;3.55511E-06;0.000128286;-6.47999E-06;0.007894673;0.007679713;0.007836536;0.00775794;0.007882842;0.00744126;0.008487781;0.007224549;0.007205968;-0.000116349;-0.000153616;-4.3769E-05;-0.000230561;-0.000431228;0.00037604;0.000353271;0.002503038;0.000347185;0.000106251;0.000686169;9.63188E-05;-6.92509E-05;-0.000156407;-9.96106E-05;0.00130539;0.000396637;-9.44564E-07;-7.26537E-07
13;ldhp*sdom;;5EST;;;-0.006935175;-7.6537E-05;-3.63595E-07;-0.000704443;0.000193616;0.007270381;0.007294148;0.007290278;0.007277866;0.007288542;0.007455551;0.007224549;0.008397025;0.007237559;-3.42352E-05;-5.41292E-06;-3.14753E-05;6.69784E-06;2.21788E-05;-0.000354476;-0.000152292;0.001528565;-0.000245111;-6.54653E-05;-0.000917969;-9.39978E-05;3.27115E-05;-1.52143E-05;-8.16955E-05;0.000920009;0.000179064;-1.58398E-05;-6.64307E-06
14;ldhp*sdom;;5OUE;;;-0.006999274;-0.000115593;2.05059E-06;-0.000120519;5.2708E-05;0.007230688;0.007247426;0.007248076;0.007234318;0.007253566;0.007424204;0.007205968;0.007237559;0.009174784;-2.87115E-06;9.73058E-06;-2.0175E-05;2.47699E-05;3.58388E-05;-0.000377118;-0.000119883;0.002013069;-0.000343272;-7.23838E-05;0.000184065;-0.000106498;8.19669E-05;1.89864E-06;-6.36366E-05;0.000770176;0.000190651;-3.76526E-06;-9.35142E-06
16;ldhp*vp;;;FE3;;-0.027507023;-1.22264E-05;9.73011E-07;0.000791068;-0.000187997;-0.000454714;0.00127374;-0.000496744;0.00092699;-0.000261604;-7.96111E-05;-0.000116349;-3.42352E-05;-2.87115E-06;0.030281373;0.027615072;0.027494083;0.027068995;0.027381944;0.027347803;0.027285147;0.027331141;0.02731342;0.027216994;0.027331253;0.02720416;0.02735468;0.027595357;0.027265871;0.027276333;0.027265016;2.25251E-07;9.83677E-06
17;ldhp*vp;;;FE6;;-0.02749839;-1.63245E-05;-1.13975E-06;0.000368435;-6.91033E-05;-0.001452024;0.001338407;-0.000697734;0.001270286;-0.000973184;0.000124008;-0.000153616;-5.41292E-06;9.73058E-06;0.027615072;0.045247068;0.027905609;0.027294694;0.027704647;0.027328766;0.027401453;0.027376848;0.027274162;0.027282784;0.027420692;0.027195694;0.027587871;0.02835036;0.027421378;0.027379953;0.027401968;2.76763E-05;-4.39872E-06
18;ldhp*vp;;;MF1;;-0.027438301;-5.70218E-05;2.38047E-06;0.000170359;-3.42607E-05;-0.000438643;0.00142095;-0.001196104;0.001266368;-0.000350497;-0.000266433;-4.3769E-05;-3.14753E-05;-2.0175E-05;0.027494083;0.027905609;0.041346405;0.027160866;0.027546627;0.027652677;0.027488435;0.027578074;0.027667194;0.027564082;0.027520088;0.02749745;0.027586044;0.027856361;0.027512682;0.027474868;0.027481136;3.79443E-05;-1.04096E-05
19;ldhp*vp;;;MJ1;;-0.027318628;1.63709E-05;6.09889E-07;0.000549247;-0.000134802;-0.00023921;0.000622327;-0.000202762;0.000695016;-0.000149776;0.000174829;-0.000230561;6.69784E-06;2.47699E-05;0.027068995;0.027294694;0.027160866;0.02972672;0.027235006;0.027008739;0.027101582;0.027064588;0.026952834;0.026913228;0.027111349;0.02691289;0.027188305;0.027280235;0.027044315;0.027114165;0.027102838;1.55756E-05;-3.56433E-06
20;ldhp*vp;;;MJ2;;-0.027806949;4.69077E-05;6.56937E-07;0.000403986;-0.000106122;-0.000353233;0.001334894;-0.000153373;0.001268391;-7.22288E-05;0.000234687;-0.000431228;2.21788E-05;3.58388E-05;0.027381944;0.027704647;0.027546627;0.027235006;0.028968633;0.027429592;0.027559689;0.027506424;0.027365357;0.027199579;0.027558731;0.027229452;0.027689683;0.027673259;0.027420335;0.027588638;0.02756741;2.92137E-05;-2.6237E-05
21;ldhp*vp;;;MS1;;-0.028326044;2.46134E-05;2.07038E-06;0.000622809;-0.000165523;0.000624833;0.001750031;0.000530544;0.001887894;0.000834824;-0.000778104;0.00037604;-0.000354476;-0.000377118;0.027347803;0.027328766;0.027652677;0.027008739;0.027429592;0.031089608;0.028107073;0.028467994;0.028719163;0.027821328;0.028439152;0.028084945;0.027793073;0.027301409;0.027729342;0.028069706;0.027942425;3.95403E-05;-2.24809E-05
22;ldhp*vp;;;MS2;;-0.028415334;6.04009E-05;7.87529E-07;-1.63564E-05;-1.10434E-05;0.000792015;0.001893275;0.000790934;0.002001161;0.000908918;0.00034523;0.000353271;-0.000152292;-0.000119883;0.027285147;0.027401453;0.027488435;0.027101582;0.027559689;0.028107073;0.028630673;0.028253904;0.028036587;0.027398996;0.028427714;0.027551548;0.027836367;0.027366353;0.027539909;0.028103985;0.02793034;4.73312E-05;-2.9484E-05
23;ldhp*vp;;;MS4;;-0.030641138;5.43095E-05;1.1932E-06;0.000514164;-0.000129538;0.002835578;0.00397919;0.002778225;0.0040761;0.003027496;0.00191029;0.002503038;0.001528565;0.002013069;0.027331141;0.027376848;0.027578074;0.027064588;0.027506424;0.028467994;0.028253904;0.084824906;0.028421283;0.02763537;0.028852403;0.027838754;0.02791039;0.027350724;0.027664187;0.028496028;0.028115791;7.08155E-05;-3.90896E-05
24;ldhp*vp;;;MS6;;-0.028257138;0.000104927;8.30271E-07;-2.47684E-05;-1.56267E-05;0.000567595;0.00164107;0.00045547;0.001840253;0.000792078;-0.001070461;0.000347185;-0.000245111;-0.000343272;0.02731342;0.027274162;0.027667194;0.026952834;0.027365357;0.028719163;0.028036587;0.028421283;0.034212089;0.027929527;0.028248536;0.028211994;0.027772166;0.027237205;0.027753394;0.027991379;0.027910963;4.71831E-05;-1.92181E-05
25;ldhp*vp;;;RB1;;-0.027909979;0.000151259;1.07552E-06;0.000296989;-8.43774E-05;-0.000585221;0.001199977;-0.001096912;0.000997889;0.000353001;-0.000716914;0.000106251;-6.54653E-05;-7.23838E-05;0.027216994;0.027282784;0.027564082;0.026913228;0.027199579;0.027821328;0.027398996;0.02763537;0.027929527;0.034412597;0.027468129;0.027688813;0.027373463;0.02725262;0.027459604;0.027383834;0.027358533;7.44366E-05;5.12601E-07
26;ldhp*vp;;;RB5;;-0.028761347;-1.48759E-05;9.38081E-07;0.00061153;-0.00013738;0.001079154;0.002186104;0.001052839;0.002298186;0.001235068;0.000513745;0.000686169;-0.000917969;0.000184065;0.027331253;0.027420692;0.027520088;0.027111349;0.027558731;0.028439152;0.028427714;0.028852403;0.028248536;0.027468129;0.040358336;0.027634024;0.02797018;0.027399225;0.027622582;0.028396656;0.02815118;7.05846E-05;-2.47735E-05
27;ldhp*vp;;;RC3;;-0.027934899;0.000143676;-3.47798E-06;0.000417641;-0.000119558;0.000250923;0.001097347;-0.000288417;0.001242729;0.000443236;-0.000915946;9.63188E-05;-9.39978E-05;-0.000106498;0.02720416;0.027195694;0.02749745;0.02691289;0.027229452;0.028084945;0.027551548;0.027838754;0.028211994;0.027688813;0.027634024;0.047079621;0.027454511;0.027189509;0.027530356;0.02751256;0.02746405;3.06265E-05;-2.33145E-05
28;ldhp*vp;;;RE2;;-0.028250946;0.000117463;1.313E-06;-0.000367088;8.00673E-05;0.000447451;0.001592335;0.000237701;0.001770346;0.000432962;0.000293176;-6.92509E-05;3.27115E-05;8.19669E-05;0.02735468;0.027587871;0.027586044;0.027188305;0.027689683;0.027793073;0.027836367;0.02791039;0.027772166;0.027373463;0.02797018;0.027454511;0.038342424;0.027533405;0.027521447;0.027879347;0.027822139;6.10541E-05;7.94028E-06
29;ldhp*vp;;;RP1;;-0.027482094;-1.01266E-05;-4.22591E-06;0.000613304;-0.000127873;-0.001464382;0.001321884;-0.000674055;0.001202674;-0.000958603;0.000108802;-0.000156407;-1.52143E-05;1.89864E-06;0.027595357;0.02835036;0.027856361;0.027280235;0.027673259;0.027301409;0.027366353;0.027350724;0.027237205;0.02725262;0.027399225;0.027189509;0.027533405;0.035111398;0.027411016;0.027340812;0.027337081;2.10728E-05;-1.43406E-05
30;ldhp*vp;;;RS1;;-0.027708934;8.00688E-05;-3.43573E-06;0.000234693;-7.06332E-05;-0.000183474;0.001187835;-0.000433617;0.001208008;0.000228077;-0.000305094;-9.96106E-05;-8.16955E-05;-6.36366E-05;0.027265871;0.027421378;0.027512682;0.027044315;0.027420335;0.027729342;0.027539909;0.027664187;0.027753394;0.027459604;0.027622582;0.027530356;0.027521447;0.027411016;0.032204641;0.027535987;0.027470987;2.76716E-05;-4.97805E-05
31;ldhp*vp;;;RS2;;-0.029355946;4.15747E-05;1.30406E-06;-0.000162164;2.6129E-05;0.001759145;0.002918948;0.001747374;0.002998266;0.001967405;0.001440909;0.00130539;0.000920009;0.000770176;0.027276333;0.027379953;0.027474868;0.027114165;0.027588638;0.028069706;0.028103985;0.028496028;0.027991379;0.027383834;0.028396656;0.02751256;0.027879347;0.027340812;0.027535987;0.030275169;0.028006187;5.4956E-05;-2.75042E-05
32;ldhp*vp;;;RS3;;-0.028580844;0.000100125;5.48358E-06;-0.000317601;5.25997E-05;0.000872226;0.001961923;0.000889382;0.002061601;0.000932682;0.000512654;0.000396637;0.000179064;0.000190651;0.027265016;0.027401968;0.027481136;0.027102838;0.02756741;0.027942425;0.02793034;0.028115791;0.027910963;0.027358533;0.02815118;0.02746405;0.027822139;0.027337081;0.027470987;0.028006187;0.036969338;7.42016E-05;-1.85336E-06
34;ldhp*pert;INT;;;;-0.000119576;-5.08473E-06;2.43031E-06;3.02267E-05;-3.68349E-06;-1.47012E-05;-7.10114E-06;-5.40764E-05;-1.29375E-05;-2.28249E-05;-2.43067E-05;-9.44564E-07;-1.58398E-05;-3.76526E-06;2.25251E-07;2.76763E-05;3.79443E-05;1.55756E-05;2.92137E-05;3.95403E-05;4.73312E-05;7.08155E-05;4.71831E-05;7.44366E-05;7.05846E-05;3.06265E-05;6.10541E-05;2.10728E-05;2.76716E-05;5.4956E-05;7.42016E-05;0.000355179;2.23325E-05
35;ldhp*pert;MOY;;;;-1.30482E-05;-4.15788E-05;1.84885E-06;0.000162293;-3.14453E-05;3.29082E-05;3.25039E-05;3.30518E-05;1.90789E-05;1.24786E-05;9.71278E-06;-7.26537E-07;-6.64307E-06;-9.35142E-06;9.83677E-06;-4.39872E-06;-1.04096E-05;-3.56433E-06;-2.6237E-05;-2.24809E-05;-2.9484E-05;-3.90896E-05;-1.92181E-05;5.12601E-07;-2.47735E-05;-2.33145E-05;7.94028E-06;-1.43406E-05;-4.97805E-05;-2.75042E-05;-1.85336E-06;2.23325E-05;0.000206681
