Row;Effect;pert;sdom;vp;milieu;Col1;Col2;Col3;Col4;Col5;Col6;Col7;Col8;Col9;Col10;Col11;Col12;Col13;Col15;Col16;Col17;Col18;Col19;Col20;Col21;Col22;Col23;Col24;Col25;Col26;Col27;Col28;Col29;Col30;Col32;Col33;Col34;Col35;Col36;Col37;Col38;Col39;Col40;Col41;Col43;Col44;Col46
1;ldhp;;;;;0.072581338;-0.00229198;3.97371E-06;0.001386721;-0.00471321;-0.000964476;-0.00180363;-0.000851504;-0.002336667;-0.001433466;-0.001535673;-0.002127683;-0.003183991;-0.016429393;-0.01663584;-0.016545848;-0.024567389;-0.016754554;-0.017376288;-0.017510228;-0.017434713;-0.017426225;-0.019779938;-0.018702886;-0.046124342;-0.016904319;-0.01748713;-0.017977864;-0.044784959;-7.39551E-06;-0.043813326;-0.04384969;-0.043722039;-0.043759755;-0.044774925;-0.043562544;-0.043644859;-0.016603052;-0.020741068;-1.77549E-05;4.5491E-05;-0.000922432
2;ldhp2;;;;;-0.00229198;0.001125944;-5.90442E-06;-0.000839634;2.67184E-05;-3.08611E-05;2.10311E-05;-5.93512E-05;6.88777E-05;-5.91207E-05;8.05066E-05;-4.92625E-06;6.34484E-05;-9.8968E-05;-7.43861E-05;-8.8427E-05;-8.06666E-05;-4.93512E-05;-2.73216E-05;-1.79992E-05;2.56463E-05;3.33285E-05;-0.000107876;0.000129817;1.47893E-05;-0.000122751;-3.43013E-05;5.86882E-05;4.659E-05;1.26179E-07;-3.0814E-05;-3.45614E-05;-5.78059E-05;-4.77318E-05;-1.14477E-05;-4.3176E-05;-0.000111408;5.59271E-05;-2.31705E-05;-1.94703E-05;-4.19054E-05;2.89362E-05
3;ldhp*st;;;;;3.97371E-06;-5.90442E-06;5.41795E-07;3.38612E-06;6.78885E-07;1.18745E-06;8.97857E-07;1.34395E-06;6.73982E-07;1.97529E-06;9.6129E-07;1.32203E-06;-1.96977E-06;1.49591E-06;1.61049E-06;5.60059E-07;2.22324E-06;1.63518E-06;1.71254E-06;1.6844E-06;1.71252E-06;2.19585E-06;9.46955E-07;2.98726E-06;6.89895E-07;-1.02807E-06;-1.06147E-06;2.04985E-06;2.36444E-06;-2.18559E-09;-1.49325E-06;-1.94096E-06;-2.49458E-06;-2.85541E-06;-1.35718E-06;-1.93851E-06;-5.67243E-07;-2.07731E-06;-5.4632E-07;2.44551E-06;1.14387E-06;-2.84849E-07
4;ldhp*rdhp;;;;;0.001386721;-0.000839634;3.38612E-06;0.000975323;3.81194E-06;4.79358E-05;-3.41695E-06;5.15129E-05;-2.40325E-05;5.19729E-05;-4.70183E-05;1.78038E-05;-3.98396E-05;5.91465E-05;3.84272E-05;7.2154E-05;4.61604E-05;4.1057E-05;1.96475E-05;1.88737E-05;-1.77323E-05;-2.95385E-05;8.93979E-05;-8.79025E-05;-6.02931E-06;0.000123421;3.8066E-05;-5.23647E-05;-3.74859E-05;-8.02971E-08;1.84555E-05;2.90798E-05;4.11594E-05;4.10603E-05;2.10844E-05;3.1992E-05;7.54246E-05;-4.33504E-05;9.79986E-06;1.1854E-05;3.68734E-05;-2.64195E-05
5;ldhp*sdom;;2EST;;;-0.00471321;2.67184E-05;6.78885E-07;3.81194E-06;0.022970858;0.010640956;0.008560382;0.00894304;0.006765784;0.006927645;0.005483821;0.005345973;0.002044896;0.003588321;0.003665127;0.003609484;0.003824562;0.003227023;0.003337026;0.004007843;0.003608918;0.004078135;0.003745284;0.003970301;0.003261349;0.003905896;0.003968564;0.003878583;0.003212126;-4.26751E-06;-0.00052708;-0.000711167;-0.000541885;-0.000266611;-0.001325281;-0.000685897;-0.000538566;-0.000808807;-8.19932E-05;1.00836E-05;8.52805E-06;-0.001688366
6;ldhp*sdom;;2OUEST;;;-0.000964476;-3.08611E-05;1.18745E-06;4.79358E-05;0.010640956;0.01601679;0.008705125;0.009326062;0.006799814;0.007074879;0.005670307;0.005420451;0.002167728;-0.001823749;-0.000106676;-0.000971361;-0.000830563;-0.000261236;-0.000304555;0.000512113;0.000110793;0.000538847;-0.000494121;0.000522048;2.90822E-05;-0.000318952;9.86087E-05;0.000272345;-0.000184562;-5.08528E-06;-0.0005033;-0.000375726;-0.000398962;-7.99789E-06;-0.000209078;-0.000308906;-0.000108584;0.000172135;0.000157862;-6.83095E-06;2.95808E-06;-0.001729265
7;ldhp*sdom;;3EST;;;-0.00180363;2.10311E-05;8.97857E-07;-3.41695E-06;0.008560382;0.008705125;0.008362307;0.007543525;0.005815304;0.006093331;0.005199759;0.004863633;0.00244001;0.000769167;0.00065261;0.000910044;0.00058204;0.000177013;0.000475462;0.001069871;0.000778046;0.001062909;0.000474292;0.001262706;0.000506779;0.000905533;0.000871299;0.000995482;0.000457656;-4.76505E-06;-0.000440656;-0.000484827;-0.000439622;-0.000284118;-0.000148758;-0.000341245;-0.000398316;0.000240962;-1.62338E-05;-4.98146E-07;-1.89569E-07;-0.001289495
8;ldhp*sdom;;3OUEST;;;-0.000851504;-5.93512E-05;1.34395E-06;5.15129E-05;0.00894304;0.009326062;0.007543525;0.009061911;0.006020294;0.00632916;0.005237179;0.004977595;0.002354903;2.70209E-05;3.18809E-06;-0.0002234;-0.00049901;-0.00024997;-0.000372597;0.000370303;1.80942E-05;0.000389716;-0.000268726;0.000460708;-0.000289725;-0.000559227;0.000177787;0.000224435;-0.00043556;-4.43904E-06;-0.000629007;-0.000610894;-0.000617007;-0.000273195;-0.000513786;-0.000502439;-0.00038718;0.000181836;2.35865E-05;1.07055E-05;-3.99699E-06;-0.001387845
9;ldhp*sdom;;4EST;;;-0.002336667;6.88777E-05;6.73982E-07;-2.40325E-05;0.006765784;0.006799814;0.005815304;0.006020294;0.006505683;0.005074791;0.004708723;0.004478043;0.002599943;0.000352176;-2.15872E-05;0.00034455;1.81244E-06;1.25957E-05;9.12349E-07;-0.000631912;-0.000112235;-0.000793404;-0.000329765;0.000602002;4.6003E-05;0.000211852;9.23988E-05;0.000182539;8.75321E-05;-2.49287E-06;-9.61272E-05;-9.92694E-05;-0.000125978;-0.00036251;9.70368E-05;-5.53144E-05;-0.000138738;0.000187927;-0.000154924;-6.42304E-06;-5.54412E-06;-0.000856854
10;ldhp*sdom;;4OUEST;;;-0.001433466;-5.91207E-05;1.97529E-06;5.19729E-05;0.006927645;0.007074879;0.006093331;0.00632916;0.005074791;0.005694662;0.004658267;0.004417344;0.002598481;0.000264844;0.000131201;0.000247232;-7.50004E-05;-0.000196553;-0.000353611;0.000160087;-0.000105571;0.000174067;-0.000245034;0.000451215;-0.000229982;2.78568E-05;0.000145353;0.000107358;-0.000345525;-3.37021E-06;-0.00028822;-0.000407131;-0.000351107;-0.000131963;-0.000236791;-0.000265563;-0.00022109;0.000324011;4.05927E-05;6.8755E-06;-1.37293E-05;-0.000945804
11;ldhp*sdom;;5EST;;;-0.001535673;8.05066E-05;9.6129E-07;-4.70183E-05;0.005483821;0.005670307;0.005199759;0.005237179;0.004708723;0.004658267;0.005401036;0.00418897;0.002830803;0.000218828;7.78236E-05;0.000234994;-9.7238E-05;4.9872E-05;-4.61432E-05;-0.000308639;-0.000219401;-0.000232642;-0.000895176;0.000603187;-0.000189739;0.000126423;0.000201625;0.000133831;-0.000188028;-3.56454E-06;-0.000422551;-0.000496465;-0.000445834;-0.000526993;-0.000174895;-0.000332388;-0.000382258;0.000194405;-0.00015024;2.34995E-06;-2.22188E-05;-0.000674107
12;ldhp*sdom;;5OUEST;;;-0.002127683;-4.92625E-06;1.32203E-06;1.78038E-05;0.005345973;0.005420451;0.004863633;0.004977595;0.004478043;0.004417344;0.00418897;0.004665495;0.00279668;0.00020882;8.79888E-05;0.000204745;2.49101E-05;-1.44638E-05;-6.04305E-05;-0.000188336;-0.000202121;-0.000201891;-0.000289226;0.000455675;-6.84714E-05;0.000105271;0.000164755;1.28234E-05;-8.68013E-05;-2.15547E-06;-0.000139292;-0.00019095;-0.000163358;-0.00010076;0.000145611;-0.00011995;-0.00020167;0.000316381;-4.66067E-05;2.90071E-06;-1.17186E-05;-0.000580392
13;ldhp*sdom;;6EST;;;-0.003183991;6.34484E-05;-1.96977E-06;-3.98396E-05;0.002044896;0.002167728;0.00244001;0.002354903;0.002599943;0.002598481;0.002830803;0.00279668;0.005975854;-2.14192E-05;-5.22884E-06;2.65859E-06;-6.7301E-05;6.33662E-05;5.11696E-05;-2.65002E-05;3.6029E-05;-2.63741E-05;-8.68339E-05;0.000523811;4.0067E-05;1.87635E-05;0.000238665;-0.000194823;-7.90145E-05;2.46063E-07;-0.000186405;-4.04717E-05;-8.8339E-05;-8.24014E-05;0.000312094;-5.0291E-06;-3.3954E-05;0.000645572;-1.15558E-05;-6.37305E-06;-3.43188E-06;0.000192886
15;ldhp*vp;;;FE2;;-0.016429393;-9.8968E-05;1.49591E-06;5.91465E-05;0.003588321;-0.001823749;0.000769167;2.70209E-05;0.000352176;0.000264844;0.000218828;0.00020882;-2.14192E-05;0.025832815;0.01711368;0.017713817;0.017393887;0.016838277;0.017017371;0.016898862;0.016891641;0.01690897;0.017119998;0.016861885;0.016723976;0.017495116;0.01696448;0.016854421;0.016758736;-4.02976E-07;-0.000235968;-0.000159374;-0.00016314;-0.000238406;0.001324429;6.08193E-05;-4.14335E-05;-0.000248884;-5.41064E-05;3.14718E-05;1.33348E-05;-0.000136942
16;ldhp*vp;;;FE3;;-0.01663584;-7.43861E-05;1.61049E-06;3.84272E-05;0.003665127;-0.000106676;0.00065261;3.18809E-06;-2.15872E-05;0.000131201;7.78236E-05;8.79888E-05;-5.22884E-06;0.01711368;0.019693859;0.017154057;0.01712082;0.016867665;0.017046845;0.017203088;0.017080598;0.017229441;0.017226753;0.017018603;0.016851475;0.017283656;0.017000177;0.017029586;0.01689138;-3.16455E-07;-0.000208433;-0.000176717;-0.000197032;-0.000432519;0.001282718;7.37648E-06;-0.000128808;-0.000261551;-7.16963E-05;3.50551E-05;1.63239E-05;-7.29901E-05
17;ldhp*vp;;;FE6;;-0.016545848;-8.8427E-05;5.60059E-07;7.2154E-05;0.003609484;-0.000971361;0.000910044;-0.0002234;0.00034455;0.000247232;0.000234994;0.000204745;2.65859E-06;0.017713817;0.017154057;0.028652896;0.017436082;0.016906233;0.017141016;0.016997071;0.017013899;0.017009908;0.017140895;0.017017558;0.016863802;0.01771567;0.017045118;0.016985271;0.016912577;-5.49945E-07;-0.000392849;-0.000191288;-0.000108868;-0.00019477;0.001396253;0.000120512;-3.83475E-05;-0.000244371;-6.03845E-05;1.85962E-05;6.37815E-06;-0.000134792
18;ldhp*vp;;;MF1;;-0.024567389;-8.06666E-05;2.22324E-06;4.61604E-05;0.003824562;-0.000830563;0.00058204;-0.00049901;1.81244E-06;-7.50004E-05;-9.7238E-05;2.49101E-05;-6.7301E-05;0.017393887;0.01712082;0.017436082;0.040896956;0.016989339;0.017300642;0.017284607;0.01717184;0.017200609;0.01797064;0.017187125;0.024555318;0.017617004;0.017241653;0.01720915;0.024449533;4.30911E-07;0.007276768;0.007343572;0.007388782;0.007247743;0.008591371;0.007075379;0.007354418;-0.000263998;-0.000239634;3.57788E-05;-4.83283E-06;1.12598E-05
19;ldhp*vp;;;MJ1;;-0.016754554;-4.93512E-05;1.63518E-06;4.1057E-05;0.003227023;-0.000261236;0.000177013;-0.00024997;1.25957E-05;-0.000196553;4.9872E-05;-1.44638E-05;6.33662E-05;0.016838277;0.016867665;0.016906233;0.016989339;0.018763099;0.017032419;0.016926668;0.017015867;0.016913864;0.016919002;0.017019004;0.016948831;0.017109735;0.016899271;0.017006489;0.017062433;-3.96828E-07;-9.62338E-05;-0.000122921;-4.50885E-05;-0.000200099;0.001322779;8.74581E-05;-3.07281E-05;-0.000321269;-0.000179397;2.11349E-05;1.20378E-05;3.3079E-05
20;ldhp*vp;;;MJ2;;-0.017376288;-2.73216E-05;1.71254E-06;1.96475E-05;0.003337026;-0.000304555;0.000475462;-0.000372597;9.12349E-07;-0.000353611;-4.61432E-05;-6.04305E-05;5.11696E-05;0.017017371;0.017046845;0.017141016;0.017300642;0.017032419;0.018113403;0.017228051;0.017321857;0.017216575;0.017314966;0.01734635;0.017294124;0.01743743;0.017166156;0.017337745;0.017417169;9.51538E-08;-4.94546E-05;-4.45177E-05;2.56316E-05;-0.00017331;0.001494191;0.000113936;2.11532E-06;-0.000308975;-0.000181688;2.02777E-05;-1.85341E-06;7.4422E-05
21;ldhp*vp;;;MS1;;-0.017510228;-1.79992E-05;1.6844E-06;1.88737E-05;0.004007843;0.000512113;0.001069871;0.000370303;-0.000631912;0.000160087;-0.000308639;-0.000188336;-2.65002E-05;0.016898862;0.017203088;0.016997071;0.017284607;0.016926668;0.017228051;0.01930049;0.017632717;0.018124026;0.017864851;0.01749402;0.017418716;0.01728122;0.017339121;0.017583067;0.01744094;-7.17091E-08;-9.57135E-06;-0.000124895;-4.72577E-05;-0.000173733;0.001364699;7.47472E-05;-1.26162E-05;-0.000220023;-7.34501E-05;3.38708E-05;-1.50756E-06;-1.88351E-05
22;ldhp*vp;;;MS2;;-0.017434713;2.56463E-05;1.71252E-06;-1.77323E-05;0.003608918;0.000110793;0.000778046;1.80942E-05;-0.000112235;-0.000105571;-0.000219401;-0.000202121;3.6029E-05;0.016891641;0.017080598;0.017013899;0.01717184;0.017015867;0.017321857;0.017632717;0.01789544;0.017615786;0.01761808;0.017569645;0.017183133;0.017334521;0.01727135;0.017612509;0.017322386;-8.24676E-08;-0.000279797;-0.000365562;-0.000254423;-0.0004366;0.001126745;-0.000137378;-0.000464091;-0.000285556;-0.000204872;3.71522E-05;-2.20822E-06;7.61596E-05
23;ldhp*vp;;;MS6;;-0.017426225;3.33285E-05;2.19585E-06;-2.95385E-05;0.004078135;0.000538847;0.001062909;0.000389716;-0.000793404;0.000174067;-0.000232642;-0.000201891;-2.63741E-05;0.01690897;0.017229441;0.017009908;0.017200609;0.016913864;0.017216575;0.018124026;0.017615786;0.021193722;0.017832728;0.017513953;0.017156335;0.017284527;0.017360554;0.017586485;0.017148474;1.3236E-07;-0.000338212;-0.000479353;-0.00033031;-0.000341064;0.001083552;-0.000161721;-0.000280873;-0.000204878;-2.91306E-05;3.82756E-05;2.2158E-06;-1.54285E-05
24;ldhp*vp;;;RB1;;-0.019779938;-0.000107876;9.46955E-07;8.93979E-05;0.003745284;-0.000494121;0.000474292;-0.000268726;-0.000329765;-0.000245034;-0.000895176;-0.000289226;-8.68339E-05;0.017119998;0.017226753;0.017140895;0.01797064;0.016919002;0.017314966;0.017864851;0.01761808;0.017832728;0.038834656;0.017479478;0.01902858;0.017402529;0.01740355;0.017589574;0.019010625;1.92727E-06;0.001699681;0.001574013;0.001678701;0.000683636;0.002969377;0.001674897;0.000568077;-0.000176606;-8.1491E-05;4.56515E-05;-2.24261E-05;0.000166857
25;ldhp*vp;;;RE2;;-0.018702886;0.000129817;2.98726E-06;-8.79025E-05;0.003970301;0.000522048;0.001262706;0.000460708;0.000602002;0.000451215;0.000603187;0.000455675;0.000523811;0.016861885;0.017018603;0.017017558;0.017187125;0.017019004;0.01734635;0.01749402;0.017569645;0.017513953;0.017479478;0.020263084;0.017250028;0.017360986;0.017309166;0.017784818;0.017415391;4.69011E-07;-0.000485624;-0.000542413;-0.000249141;-0.00037767;0.001150841;-0.000183888;-0.000330473;-0.000206408;-0.000272568;4.21536E-05;1.11163E-05;0.00018825
26;ldhp*vp;;;RE3;;-0.046124342;1.47893E-05;6.89895E-07;-6.02931E-06;0.003261349;2.90822E-05;0.000506779;-0.000289725;4.6003E-05;-0.000229982;-0.000189739;-6.84714E-05;4.0067E-05;0.016723976;0.016851475;0.016863802;0.024555318;0.016948831;0.017294124;0.017418716;0.017183133;0.017156335;0.01902858;0.017250028;0.052486555;0.017196434;0.01721614;0.017254748;0.041510893;1.06934E-06;0.028272934;0.028290868;0.028335458;0.028100291;0.029164053;0.028221882;0.028227574;-0.000120396;0.005220681;3.64248E-05;5.14864E-06;0.000129105
27;ldhp*vp;;;RP1;;-0.016904319;-0.000122751;-1.02807E-06;0.000123421;0.003905896;-0.000318952;0.000905533;-0.000559227;0.000211852;2.78568E-05;0.000126423;0.000105271;1.87635E-05;0.017495116;0.017283656;0.01771567;0.017617004;0.017109735;0.01743743;0.01728122;0.017334521;0.017284527;0.017402529;0.017360986;0.017196434;0.024658149;0.017300902;0.017340359;0.017278864;-3.63886E-07;-0.000301043;-0.000333538;-3.88294E-05;-0.000188547;0.001439015;7.48111E-05;-5.96474E-05;-0.000283458;-0.000103438;1.81785E-05;6.19065E-06;-5.74532E-05
28;ldhp*vp;;;RS1;;-0.01748713;-3.43013E-05;-1.06147E-06;3.8066E-05;0.003968564;9.86087E-05;0.000871299;0.000177787;9.23988E-05;0.000145353;0.000201625;0.000164755;0.000238665;0.01696448;0.017000177;0.017045118;0.017241653;0.016899271;0.017166156;0.017339121;0.01727135;0.017360554;0.01740355;0.017309166;0.01721614;0.017300902;0.02049837;0.017320493;0.017284945;6.61548E-08;-5.74225E-05;-9.82552E-05;3.29615E-05;-8.83476E-05;0.000920247;3.32985E-05;-0.000268256;-0.000246764;-0.000131545;2.1162E-05;-2.0641E-05;2.4191E-05
29;ldhp*vp;;;RS2;;-0.017977864;5.86882E-05;2.04985E-06;-5.23647E-05;0.003878583;0.000272345;0.000995482;0.000224435;0.000182539;0.000107358;0.000133831;1.28234E-05;-0.000194823;0.016854421;0.017029586;0.016985271;0.01720915;0.017006489;0.017337745;0.017583067;0.017612509;0.017586485;0.017589574;0.017784818;0.017254748;0.017340359;0.017320493;0.01859474;0.017429911;2.22541E-07;-0.000333226;-0.000525456;-0.000226117;-0.000371529;0.000863394;-0.000224829;-0.000498746;-0.000299741;-0.000259699;3.13752E-05;-5.45935E-06;0.000129824
30;ldhp*vp;;;RS3;;-0.044784959;4.659E-05;2.36444E-06;-3.74859E-05;0.003212126;-0.000184562;0.000457656;-0.00043556;8.75321E-05;-0.000345525;-0.000188028;-8.68013E-05;-7.90145E-05;0.016758736;0.01689138;0.016912577;0.024449533;0.017062433;0.017417169;0.01744094;0.017322386;0.017148474;0.019010625;0.017415391;0.041510893;0.017278864;0.017284945;0.017429911;0.045790181;6.54871E-07;0.026882693;0.026863446;0.026949544;0.02660507;0.027677338;0.026824682;0.026742799;-0.000320473;0.004286543;3.66816E-05;-2.46797E-06;0.000167572
32;ldhp*alt;;;;;-7.39551E-06;1.26179E-07;-2.18559E-09;-8.02971E-08;-4.26751E-06;-5.08528E-06;-4.76505E-06;-4.43904E-06;-2.49287E-06;-3.37021E-06;-3.56454E-06;-2.15547E-06;2.46063E-07;-4.02976E-07;-3.16455E-07;-5.49945E-07;4.30911E-07;-3.96828E-07;9.51538E-08;-7.17091E-08;-8.24676E-08;1.3236E-07;1.92727E-06;4.69011E-07;1.06934E-06;-3.63886E-07;6.61548E-08;2.22541E-07;6.54871E-07;1.44503E-08;1.21968E-06;1.49788E-06;1.08199E-06;1.67577E-06;1.02297E-06;8.49222E-07;1.56008E-06;6.13214E-07;4.33149E-07;-2.13998E-08;-5.06992E-09;1.72644E-06
33;ldhp*milieu;;;;0;-0.043813326;-3.0814E-05;-1.49325E-06;1.84555E-05;-0.00052708;-0.0005033;-0.000440656;-0.000629007;-9.61272E-05;-0.00028822;-0.000422551;-0.000139292;-0.000186405;-0.000235968;-0.000208433;-0.000392849;0.007276768;-9.62338E-05;-4.94546E-05;-9.57135E-06;-0.000279797;-0.000338212;0.001699681;-0.000485624;0.028272934;-0.000301043;-5.74225E-05;-0.000333226;0.026882693;1.21968E-06;0.045281598;0.043841866;0.043740783;0.043650318;0.043145389;0.043518343;0.043723373;0.016162724;0.02096961;-9.05219E-06;-1.39696E-06;9.30441E-05
34;ldhp*milieu;;;;1;-0.04384969;-3.45614E-05;-1.94096E-06;2.90798E-05;-0.000711167;-0.000375726;-0.000484827;-0.000610894;-9.92694E-05;-0.000407131;-0.000496465;-0.00019095;-4.04717E-05;-0.000159374;-0.000176717;-0.000191288;0.007343572;-0.000122921;-4.45177E-05;-0.000124895;-0.000365562;-0.000479353;0.001574013;-0.000542413;0.028290868;-0.000333538;-9.82552E-05;-0.000525456;0.026863446;1.49788E-06;0.043841866;0.045769878;0.043815467;0.043763259;0.043281061;0.043607371;0.043875637;0.016190322;0.021009459;-1.99856E-05;4.62853E-06;8.10493E-05
35;ldhp*milieu;;;;2;-0.043722039;-5.78059E-05;-2.49458E-06;4.11594E-05;-0.000541885;-0.000398962;-0.000439622;-0.000617007;-0.000125978;-0.000351107;-0.000445834;-0.000163358;-8.8339E-05;-0.00016314;-0.000197032;-0.000108868;0.007388782;-4.50885E-05;2.56316E-05;-4.72577E-05;-0.000254423;-0.00033031;0.001678701;-0.000249141;0.028335458;-3.88294E-05;3.29615E-05;-0.000226117;0.026949544;1.08199E-06;0.043740783;0.043815467;0.043914056;0.043685587;0.043138883;0.043519803;0.043731056;0.016156455;0.020959615;-2.23711E-05;-1.82545E-06;9.02341E-05
36;ldhp*milieu;;;;3;-0.043759755;-4.77318E-05;-2.85541E-06;4.10603E-05;-0.000266611;-7.99789E-06;-0.000284118;-0.000273195;-0.00036251;-0.000131963;-0.000526993;-0.00010076;-8.24014E-05;-0.000238406;-0.000432519;-0.00019477;0.007247743;-0.000200099;-0.00017331;-0.000173733;-0.0004366;-0.000341064;0.000683636;-0.00037767;0.028100291;-0.000188547;-8.83476E-05;-0.000371529;0.02660507;1.67577E-06;0.043650318;0.043763259;0.043685587;0.04634046;0.043006581;0.043432801;0.043835363;0.016241399;0.021093839;-2.82072E-05;9.78735E-07;4.31506E-05
37;ldhp*milieu;;;;4;-0.044774925;-1.14477E-05;-1.35718E-06;2.10844E-05;-0.001325281;-0.000209078;-0.000148758;-0.000513786;9.70368E-05;-0.000236791;-0.000174895;0.000145611;0.000312094;0.001324429;0.001282718;0.001396253;0.008591371;0.001322779;0.001494191;0.001364699;0.001126745;0.001083552;0.002969377;0.001150841;0.029164053;0.001439015;0.000920247;0.000863394;0.027677338;1.02297E-06;0.043145389;0.043281061;0.043138883;0.043006581;0.057100419;0.04300031;0.043204443;0.016265257;0.020862494;-7.41372E-06;-2.65992E-05;9.41727E-05
38;ldhp*milieu;;;;5;-0.043562544;-4.3176E-05;-1.93851E-06;3.1992E-05;-0.000685897;-0.000308906;-0.000341245;-0.000502439;-5.53144E-05;-0.000265563;-0.000332388;-0.00011995;-5.0291E-06;6.08193E-05;7.37648E-06;0.000120512;0.007075379;8.74581E-05;0.000113936;7.47472E-05;-0.000137378;-0.000161721;0.001674897;-0.000183888;0.028221882;7.48111E-05;3.32985E-05;-0.000224829;0.026824682;8.49222E-07;0.043518343;0.043607371;0.043519803;0.043432801;0.04300031;0.044260854;0.043531901;0.016171869;0.020950496;-2.05317E-05;-5.25559E-06;6.00831E-05
39;ldhp*milieu;;;;6;-0.043644859;-0.000111408;-5.67243E-07;7.54246E-05;-0.000538566;-0.000108584;-0.000398316;-0.00038718;-0.000138738;-0.00022109;-0.000382258;-0.00020167;-3.3954E-05;-4.14335E-05;-0.000128808;-3.83475E-05;0.007354418;-3.07281E-05;2.11532E-06;-1.26162E-05;-0.000464091;-0.000280873;0.000568077;-0.000330473;0.028227574;-5.96474E-05;-0.000268256;-0.000498746;0.026742799;1.56008E-06;0.043723373;0.043875637;0.043731056;0.043835363;0.043204443;0.043531901;0.049335612;0.016210126;0.02107456;-9.21384E-06;7.28244E-06;2.37465E-05
40;ldhp*milieu;;;;7;-0.016603052;5.59271E-05;-2.07731E-06;-4.33504E-05;-0.000808807;0.000172135;0.000240962;0.000181836;0.000187927;0.000324011;0.000194405;0.000316381;0.000645572;-0.000248884;-0.000261551;-0.000244371;-0.000263998;-0.000321269;-0.000308975;-0.000220023;-0.000285556;-0.000204878;-0.000176606;-0.000206408;-0.000120396;-0.000283458;-0.000246764;-0.000299741;-0.000320473;6.13214E-07;0.016162724;0.016190322;0.016156455;0.016241399;0.016265257;0.016171869;0.016210126;0.035877004;0.016160952;-1.48574E-05;-1.36783E-05;6.99524E-05
41;ldhp*milieu;;;;8;-0.020741068;-2.31705E-05;-5.4632E-07;9.79986E-06;-8.19932E-05;0.000157862;-1.62338E-05;2.35865E-05;-0.000154924;4.05927E-05;-0.00015024;-4.66067E-05;-1.15558E-05;-5.41064E-05;-7.16963E-05;-6.03845E-05;-0.000239634;-0.000179397;-0.000181688;-7.34501E-05;-0.000204872;-2.91306E-05;-8.1491E-05;-0.000272568;0.005220681;-0.000103438;-0.000131545;-0.000259699;0.004286543;4.33149E-07;0.02096961;0.021009459;0.020959615;0.021093839;0.020862494;0.020950496;0.02107456;0.016160952;0.021565058;-6.82485E-06;-7.69401E-06;-6.18531E-05
43;ldhp*pert;INT;;;;-1.77549E-05;-1.94703E-05;2.44551E-06;1.1854E-05;1.00836E-05;-6.83095E-06;-4.98146E-07;1.07055E-05;-6.42304E-06;6.8755E-06;2.34995E-06;2.90071E-06;-6.37305E-06;3.14718E-05;3.50551E-05;1.85962E-05;3.57788E-05;2.11349E-05;2.02777E-05;3.38708E-05;3.71522E-05;3.82756E-05;4.56515E-05;4.21536E-05;3.64248E-05;1.81785E-05;2.1162E-05;3.13752E-05;3.66816E-05;-2.13998E-08;-9.05219E-06;-1.99856E-05;-2.23711E-05;-2.82072E-05;-7.41372E-06;-2.05317E-05;-9.21384E-06;-1.48574E-05;-6.82485E-06;0.00028061;2.13038E-05;-7.22148E-06
44;ldhp*pert;MOY;;;;4.5491E-05;-4.19054E-05;1.14387E-06;3.68734E-05;8.52805E-06;2.95808E-06;-1.89569E-07;-3.99699E-06;-5.54412E-06;-1.37293E-05;-2.22188E-05;-1.17186E-05;-3.43188E-06;1.33348E-05;1.63239E-05;6.37815E-06;-4.83283E-06;1.20378E-05;-1.85341E-06;-1.50756E-06;-2.20822E-06;2.2158E-06;-2.24261E-05;1.11163E-05;5.14864E-06;6.19065E-06;-2.0641E-05;-5.45935E-06;-2.46797E-06;-5.06992E-09;-1.39696E-06;4.62853E-06;-1.82545E-06;9.78735E-07;-2.65992E-05;-5.25559E-06;7.28244E-06;-1.36783E-05;-7.69401E-06;2.13038E-05;0.000151577;4.58644E-07
46;ldhp*Tmoy;;;;;-0.000922432;2.89362E-05;-2.84849E-07;-2.64195E-05;-0.001688366;-0.001729265;-0.001289495;-0.001387845;-0.000856854;-0.000945804;-0.000674107;-0.000580392;0.000192886;-0.000136942;-7.29901E-05;-0.000134792;1.12598E-05;3.3079E-05;7.4422E-05;-1.88351E-05;7.61596E-05;-1.54285E-05;0.000166857;0.00018825;0.000129105;-5.74532E-05;2.4191E-05;0.000129824;0.000167572;1.72644E-06;9.30441E-05;8.10493E-05;9.02341E-05;4.31506E-05;9.41727E-05;6.00831E-05;2.37465E-05;6.99524E-05;-6.18531E-05;-7.22148E-06;4.58644E-07;0.000454162
