row;effect;pert;sdom;vp;milieu;Col1;Col2;Col3;Col4;Col5;Col6;Col7;Col8;Col9;Col10;Col11;Col12;Col13;Col14;Col15;Col17;Col18;Col19;Col20;Col21;Col22;Col23;Col24;Col25;Col26;Col27;Col28;Col29;Col31;Col32;Col33;Col34;Col35;Col36;Col37;Col39;Col40
1;ldhp;;;;;0.121837262;-0.004687875;0.000112856;-0.000630593;0.00017154;-0.008773809;0.000135665;-0.003094811;0.001895436;-0.002220455;-0.000862175;-0.002721125;0.002485165;-0.00435416;-0.002706661;0.001414088;0.001181888;0.00041252;-0.004425662;-0.000358307;-0.002230328;0.000656891;-0.001278506;0.00044919;-0.002421059;-0.063823807;-3.39551E-05;-0.000167411;-4.16142E-05;-0.064626373;-0.064559772;-0.063619373;-0.064405831;-0.062734215;-0.065910562;3.05921E-05;0.000222962
2;ldhp2;;;;;-0.004687875;0.001729446;-4.48823E-05;0.000218759;-5.88196E-05;-0.000100273;9.01583E-06;-8.31367E-05;-2.23917E-05;-0.000132861;-2.24879E-05;-0.000131898;-8.95671E-05;-4.40858E-05;-6.99201E-05;4.18987E-05;-2.37801E-05;5.92082E-05;5.99886E-05;1.4284E-05;-3.57864E-05;-2.40544E-05;2.17428E-05;8.92447E-06;9.61469E-05;8.05569E-05;-0.000112802;-2.40293E-05;1.22384E-07;1.28342E-05;2.2978E-05;-2.22701E-05;-2.41222E-05;-3.28141E-05;-3.91463E-05;-6.30282E-05;-0.000108833
3;ldhp*st;;;;;0.000112856;-4.48823E-05;2.53455E-06;-3.44942E-06;4.39839E-07;7.06599E-06;6.41982E-06;8.78991E-06;7.19371E-06;7.93274E-06;5.11223E-06;7.16457E-06;6.82943E-06;4.62303E-06;5.82875E-06;-1.46938E-06;6.48514E-07;-1.79505E-06;1.39172E-06;-7.76002E-07;5.82174E-07;-7.03061E-07;-1.91045E-07;-9.22523E-07;-3.18969E-06;-1.24247E-06;5.98892E-07;-7.49294E-06;-1.39545E-08;7.64894E-07;-1.68556E-06;-1.41882E-06;-2.16848E-06;1.39721E-06;4.80796E-07;4.01547E-06;4.22781E-06
4;ldhp*stgt;;;;;-0.000630593;0.000218759;-3.44942E-06;7.15959E-05;-2.32209E-05;-3.49952E-06;-7.46623E-06;-1.08656E-05;-7.01098E-06;-9.17288E-06;-9.29941E-06;-1.18674E-05;-1.58628E-05;-6.99932E-06;5.68329E-06;5.78871E-06;2.69111E-07;5.27238E-06;1.42598E-05;6.25149E-06;-3.79669E-06;6.99221E-07;-1.09746E-07;-2.13156E-06;-4.44046E-06;1.26395E-05;-5.39597E-07;-1.07642E-05;1.53865E-08;9.31367E-06;-5.612E-06;-3.42534E-06;-9.32035E-08;-3.02349E-06;-8.75834E-06;-6.30478E-06;-9.52963E-06
5;ldhp2*stgt;;;;;0.00017154;-5.88196E-05;4.39839E-07;-2.32209E-05;7.90418E-06;-7.24056E-07;2.25283E-06;1.95087E-06;2.1126E-06;1.79637E-06;2.68057E-06;2.90813E-06;4.91811E-06;2.00486E-06;-2.11187E-06;-1.76127E-06;-1.35452E-07;-2.64587E-06;-2.29312E-06;-2.00049E-06;1.04423E-06;-7.05494E-07;1.88265E-07;7.73953E-07;2.54103E-06;-3.06944E-06;-3.56624E-06;3.02264E-06;-2.15322E-09;-3.91415E-06;8.06296E-07;-4.76329E-07;-1.99078E-06;-5.4719E-07;8.14199E-07;1.87991E-06;2.17112E-06
6;ldhp*sdom;;1;;;-0.008773809;-0.000100273;7.06599E-06;-3.49952E-06;-7.24056E-07;0.014939795;0.006289341;0.007418175;0.006616073;0.007086673;0.005966195;0.006182055;0.005819969;0.005721278;0.00541472;-0.003075285;-0.001417838;-0.002463712;0.003048917;-0.001731054;-0.002004634;-0.000594509;-0.000603675;-0.000562274;0.000215647;0.002668739;-0.003188162;-0.00142211;7.59997E-07;0.002807973;0.002406496;0.002821931;0.003153858;0.002741948;0.00354127;-1.31761E-05;1.5762E-05
7;ldhp*sdom;;2EST;;;0.000135665;9.01583E-06;6.41982E-06;-7.46623E-06;2.25283E-06;0.006289341;0.012943044;0.00668158;0.007501489;0.006583654;0.006851143;0.006174849;0.007214269;0.005788478;0.006089642;-0.000796118;-0.000358314;-0.000710023;0.00330635;-0.000559388;-0.000495491;-0.000282416;-0.000126037;-0.000156914;0.000611437;-4.52509E-05;-0.00062497;-0.000555706;-7.36218E-06;0.000807824;0.000788496;0.000998647;0.001064213;0.000387225;0.001439403;1.88828E-05;2.09755E-05
8;ldhp*sdom;;2OUEST;;;-0.003094811;-8.31367E-05;8.78991E-06;-1.08656E-05;1.95087E-06;0.007418175;0.00668158;0.015405928;0.007220168;0.007200975;0.006326314;0.006343874;0.006394807;0.005794511;0.005648078;-0.002439977;-0.001331881;-0.003203893;0.003189113;-0.001984162;-0.002018016;-0.000532765;-0.000623628;-0.000488932;0.000125121;-1.39422E-05;-0.002303963;-0.001728066;-2.41596E-06;-5.30743E-05;-0.000349886;5.19786E-05;0.000474782;0.000353261;0.000407124;-0.00013048;1.55301E-05
9;ldhp*sdom;;3EST;;;0.001895436;-2.23917E-05;7.19371E-06;-7.01098E-06;2.1126E-06;0.006616073;0.007501489;0.007220168;0.00986876;0.007009384;0.0069409;0.006458199;0.007368584;0.005904924;0.006109185;-0.001178739;-0.001077465;-0.001172179;0.003140662;-0.0019436;-0.001118739;-0.000242777;-0.000533907;-0.000270932;0.000253175;-0.00047315;-0.001018546;-0.00113589;-7.48642E-06;-0.000612441;-0.000652821;-0.000492239;-0.000251531;-0.000506341;-4.01036E-05;-5.73077E-06;-3.75893E-06
10;ldhp*sdom;;3OUEST;;;-0.002220455;-0.000132861;7.93274E-06;-9.17288E-06;1.79637E-06;0.007086673;0.006583654;0.007200975;0.007009384;0.00883778;0.006314055;0.006311052;0.006402559;0.005803237;0.005729599;-0.001783504;-0.001537666;-0.002016488;0.003035524;-0.001350528;-0.001704469;-0.000500375;-0.000612418;-0.000459111;0.000117912;-0.000984503;-0.002424646;-0.001048807;-2.2402E-06;-0.001057578;-0.001126353;-0.000930399;-0.000470695;-0.000768334;-0.000255851;2.61034E-05;4.23384E-06
11;ldhp*sdom;;4EST;;;-0.000862175;-2.24879E-05;5.11223E-06;-9.29941E-06;2.68057E-06;0.005966195;0.006851143;0.006326314;0.0069409;0.006314055;0.008659404;0.006135676;0.007208072;0.005979646;0.005915235;-0.000210813;-0.000575675;-0.000311191;0.00314735;-0.000360162;-0.000410077;-0.001620462;-0.000531921;-0.001902658;0.000351989;0.000171716;-0.000433831;-0.000999104;-5.10493E-06;0.000147118;-6.97801E-05;4.40363E-05;1.99696E-05;0.000220263;0.000658784;8.95867E-06;-1.88864E-05
12;ldhp*sdom;;4OUEST;;;-0.002721125;-0.000131898;7.16457E-06;-1.18674E-05;2.90813E-06;0.006182055;0.006174849;0.006343874;0.006458199;0.006311052;0.006135676;0.007163174;0.006333264;0.005771828;0.005761133;-0.000486932;-0.000495362;-0.00052501;0.003091213;-0.000670874;-0.000918854;-0.00030695;-0.000552466;-0.000294282;4.19409E-05;-0.000379455;-0.000676656;-0.000573594;-2.13825E-06;-0.000551035;-0.000611511;-0.000567955;-0.000165648;-0.000318398;0.000135094;2.014E-05;-4.37543E-06
13;ldhp*sdom;;5EST;;;0.002485165;-8.95671E-05;6.82943E-06;-1.58628E-05;4.91811E-06;0.005819969;0.007214269;0.006394807;0.007368584;0.006402559;0.007208072;0.006333264;0.012056069;0.006044871;0.006198817;9.35036E-05;5.32361E-05;-3.06309E-05;0.003012846;-0.000191364;-0.000287895;-0.000655536;-0.000643301;-0.000713211;0.000386599;-0.000190324;-0.000235266;-0.000333437;-8.1805E-06;-0.000461749;-0.000578166;-0.000280934;-0.00022634;-6.17119E-06;0.000396485;8.9369E-06;-1.17842E-05
14;ldhp*sdom;;5OUEST;;;-0.00435416;-4.40858E-05;4.62303E-06;-6.99932E-06;2.00486E-06;0.005721278;0.005788478;0.005794511;0.005904924;0.005803237;0.005979646;0.005771828;0.006044871;0.006786123;0.005514439;-0.000237571;-0.000269286;-0.00025583;0.002979393;-0.00028605;-0.000307476;-0.000583719;-0.000505169;-0.000489626;0.000212864;-9.07391E-05;-0.000280549;-0.00033004;-9.79091E-07;-0.000118199;-0.000224612;-0.000123783;-7.19503E-06;4.46142E-05;0.000270949;2.2682E-05;-8.05128E-06
15;ldhp*sdom;;6EST;;;-0.002706661;-6.99201E-05;5.82875E-06;5.68329E-06;-2.11187E-06;0.00541472;0.006089642;0.005648078;0.006109185;0.005729599;0.005915235;0.005761133;0.006198817;0.005514439;0.023375867;0.000916698;0.000915643;0.000892809;0.003731192;0.000750389;0.000680095;0.000765924;0.00072973;0.000777794;0.00059371;0.001002993;0.000679436;0.000653356;-3.35097E-06;-0.000331223;-7.57036E-05;-0.000398446;7.66687E-05;6.64129E-05;0.000529864;5.18807E-05;1.41379E-05
17;ldhp*vp;;;FE2;;0.001414088;4.18987E-05;-1.46938E-06;5.78871E-06;-1.76127E-06;-0.003075285;-0.000796118;-0.002439977;-0.001178739;-0.001783504;-0.000210813;-0.000486932;9.35036E-05;-0.000237571;0.000916698;0.013356898;0.00280839;0.0033977;0.001110025;0.002887175;0.002766289;0.001775181;0.00183773;0.00174764;0.001630911;0.001397389;0.003282215;0.002391896;-2.3789E-06;-0.000476242;-0.000186914;-0.000582841;-0.000633684;-0.000179344;-0.000296154;4.20934E-05;2.90771E-05
18;ldhp*vp;;;FE3;;0.001181888;-2.37801E-05;6.48514E-07;2.69111E-07;-1.35452E-07;-0.001417838;-0.000358314;-0.001331881;-0.001077465;-0.001537666;-0.000575675;-0.000495362;5.32361E-05;-0.000269286;0.000915643;0.00280839;0.006443256;0.002819708;0.001152683;0.002627659;0.002433762;0.002015103;0.001857766;0.002038511;0.001612593;0.001867352;0.002652013;0.002279743;-2.56467E-06;0.00015302;0.000384559;-4.18203E-07;4.56304E-06;0.000319223;0.000197041;-1.20295E-06;3.43367E-05
19;ldhp*vp;;;FE6;;0.00041252;5.92082E-05;-1.79505E-06;5.27238E-06;-2.64587E-06;-0.002463712;-0.000710023;-0.003203893;-0.001172179;-0.002016488;-0.000311191;-0.00052501;-3.06309E-05;-0.00025583;0.000892809;0.0033977;0.002819708;0.022716413;0.001045136;0.002847149;0.002827834;0.001739362;0.001836266;0.001745642;0.001661131;0.001682614;0.003391951;0.002402357;-1.6916E-06;-0.000565684;0.000243941;-0.000239951;-0.000161722;0.000161341;0.000100459;3.63133E-05;2.82823E-05
20;ldhp*vp;;;ME1;;-0.004425662;5.99886E-05;1.39172E-06;1.42598E-05;-2.29312E-06;0.003048917;0.00330635;0.003189113;0.003140662;0.003035524;0.00314735;0.003091213;0.003012846;0.002979393;0.003731192;0.001110025;0.001152683;0.001045136;0.033707018;0.001108025;0.001179683;0.00118674;0.001543076;0.001132782;0.001562432;0.001500194;0.001031447;0.001337879;-7.62027E-08;0.000219506;0.000173186;1.07175E-05;-0.000685299;0.000105672;-0.00247615;5.1963E-05;-3.28413E-05
21;ldhp*vp;;;MJ1;;-0.000358307;1.4284E-05;-7.76002E-07;6.25149E-06;-2.00049E-06;-0.001731054;-0.000559388;-0.001984162;-0.0019436;-0.001350528;-0.000360162;-0.000670874;-0.000191364;-0.00028605;0.000750389;0.002887175;0.002627659;0.002847149;0.001108025;0.007617488;0.002521128;0.001700242;0.001846404;0.00166009;0.001659331;0.001828702;0.002589096;0.002368327;-9.76214E-07;0.00030147;0.000300294;-2.33913E-06;-7.64177E-05;6.687E-05;0.000291319;-2.68745E-05;1.96466E-05
22;ldhp*vp;;;MJ2;;-0.002230328;-3.57864E-05;5.82174E-07;-3.79669E-06;1.04423E-06;-0.002004634;-0.000495491;-0.002018016;-0.001118739;-0.001704469;-0.000410077;-0.000918854;-0.000287895;-0.000307476;0.000680095;0.002766289;0.002433762;0.002827834;0.001179683;0.002521128;0.004416981;0.001659224;0.001849134;0.001622347;0.001730098;0.003373145;0.002850431;0.002201095;-5.47049E-07;0.001780119;0.001931784;0.001644808;0.001561897;0.001603982;0.001810344;-1.13245E-05;-1.41217E-05
23;ldhp*vp;;;MS1;;0.000656891;-2.40544E-05;-7.03061E-07;6.99221E-07;-7.05494E-07;-0.000594509;-0.000282416;-0.000532765;-0.000242777;-0.000500375;-0.001620462;-0.00030695;-0.000655536;-0.000583719;0.000765924;0.001775181;0.002015103;0.001739362;0.00118674;0.001700242;0.001659224;0.007175455;0.001835503;0.002752053;0.001519832;0.001433075;0.001677151;0.002093748;-1.54519E-06;-5.65008E-05;-0.000101822;-0.000287778;-0.000316007;-0.000261854;-0.000111513;-5.83322E-05;2.41502E-06
24;ldhp*vp;;;MS2;;-0.001278506;2.17428E-05;-1.91045E-07;-1.09746E-07;1.88265E-07;-0.000603675;-0.000126037;-0.000623628;-0.000533907;-0.000612418;-0.000531921;-0.000552466;-0.000643301;-0.000505169;0.00072973;0.00183773;0.001857766;0.001836266;0.001543076;0.001846404;0.001849134;0.001835503;0.002404133;0.001826836;0.001638223;0.001746771;0.00180822;0.00181589;-1.48066E-07;0.000260124;0.000292909;4.18635E-05;-9.03476E-05;9.89391E-05;-1.07054E-05;-6.65803E-06;-5.9305E-06
25;ldhp*vp;;;MS6;;0.00044919;8.92447E-06;-9.22523E-07;-2.13156E-06;7.73953E-07;-0.000562274;-0.000156914;-0.000488932;-0.000270932;-0.000459111;-0.001902658;-0.000294282;-0.000713211;-0.000489626;0.000777794;0.00174764;0.002038511;0.001745642;0.001132782;0.00166009;0.001622347;0.002752053;0.001826836;0.006917896;0.001523882;0.001340624;0.001690589;0.002087634;-1.39418E-06;-0.000319775;-0.000284846;-0.000327389;-0.000258792;-0.000118471;-0.000137923;-1.88583E-05;2.08691E-05
26;ldhp*vp;;;RE2;;-0.002421059;9.61469E-05;-3.18969E-06;-4.44046E-06;2.54103E-06;0.000215647;0.000611437;0.000125121;0.000253175;0.000117912;0.000351989;4.19409E-05;0.000386599;0.000212864;0.00059371;0.001630911;0.001612593;0.001661131;0.001562432;0.001659331;0.001730098;0.001519832;0.001638223;0.001523882;0.005057227;0.001794206;0.001752906;0.001606487;1.15415E-07;0.000226571;-1.17158E-05;0.000215783;0.000355917;2.14087E-05;0.000473827;9.15398E-06;1.38167E-05
27;ldhp*vp;;;RE3;;-0.063823807;8.05569E-05;-1.24247E-06;1.26395E-05;-3.06944E-06;0.002668739;-4.52509E-05;-1.39422E-05;-0.00047315;-0.000984503;0.000171716;-0.000379455;-0.000190324;-9.07391E-05;0.001002993;0.001397389;0.001867352;0.001682614;0.001500194;0.001828702;0.003373145;0.001433075;0.001746771;0.001340624;0.001794206;0.074597784;0.001537901;0.001638021;1.20726E-06;0.061000316;0.060943211;0.060809594;0.060776056;0.060317018;0.061100261;7.74039E-05;-1.24098E-06
28;ldhp*vp;;;RP1;;-3.39551E-05;-0.000112802;5.98892E-07;-5.39597E-07;-3.56624E-06;-0.003188162;-0.00062497;-0.002303963;-0.001018546;-0.002424646;-0.000433831;-0.000676656;-0.000235266;-0.000280549;0.000679436;0.003282215;0.002652013;0.003391951;0.001031447;0.002589096;0.002850431;0.001677151;0.00180822;0.001690589;0.001752906;0.001537901;0.014077576;0.002272707;-5.62383E-07;-0.000350001;-0.000368059;-0.000199668;-0.000253499;4.35959E-05;5.05151E-05;-5.58112E-05;1.11439E-07
29;ldhp*vp;;;RS1;;-0.000167411;-2.40293E-05;-7.49294E-06;-1.07642E-05;3.02264E-06;-0.00142211;-0.000555706;-0.001728066;-0.00113589;-0.001048807;-0.000999104;-0.000573594;-0.000333437;-0.00033004;0.000653356;0.002391896;0.002279743;0.002402357;0.001337879;0.002368327;0.002201095;0.002093748;0.00181589;0.002087634;0.001606487;0.001638021;0.002272707;0.010550168;-7.71584E-07;2.55481E-06;0.000275748;1.6086E-05;-0.000274698;-0.000517325;-0.000136649;-2.87759E-05;-9.33986E-06
31;ldhp*Ptot;;;;;-4.16142E-05;1.22384E-07;-1.39545E-08;1.53865E-08;-2.15322E-09;7.59997E-07;-7.36218E-06;-2.41596E-06;-7.48642E-06;-2.2402E-06;-5.10493E-06;-2.13825E-06;-8.1805E-06;-9.79091E-07;-3.35097E-06;-2.3789E-06;-2.56467E-06;-1.6916E-06;-7.62027E-08;-9.76214E-07;-5.47049E-07;-1.54519E-06;-1.48066E-07;-1.39418E-06;1.15415E-07;1.20726E-06;-5.62383E-07;-7.71584E-07;4.3429E-08;1.54103E-06;1.61473E-06;8.11922E-07;1.49299E-06;3.82107E-07;2.38251E-06;-5.12681E-08;3.65067E-08
32;ldhp*milieu;;;;0;-0.064626373;1.28342E-05;7.64894E-07;9.31367E-06;-3.91415E-06;0.002807973;0.000807824;-5.30743E-05;-0.000612441;-0.001057578;0.000147118;-0.000551035;-0.000461749;-0.000118199;-0.000331223;-0.000476242;0.00015302;-0.000565684;0.000219506;0.00030147;0.001780119;-5.65008E-05;0.000260124;-0.000319775;0.000226571;0.061000316;-0.000350001;2.55481E-06;1.54103E-06;0.066474959;0.062955093;0.062968956;0.062859452;0.06231631;0.063048545;0.000108379;-2.32202E-05
33;ldhp*milieu;;;;1;-0.064559772;2.2978E-05;-1.68556E-06;-5.612E-06;8.06296E-07;0.002406496;0.000788496;-0.000349886;-0.000652821;-0.001126353;-6.97801E-05;-0.000611511;-0.000578166;-0.000224612;-7.57036E-05;-0.000186914;0.000384559;0.000243941;0.000173186;0.000300294;0.001931784;-0.000101822;0.000292909;-0.000284846;-1.17158E-05;0.060943211;-0.000368059;0.000275748;1.61473E-06;0.062955093;0.065121503;0.062903934;0.062835043;0.062247125;0.063006904;9.6799E-05;-3.02649E-05
34;ldhp*milieu;;;;2;-0.063619373;-2.22701E-05;-1.41882E-06;-3.42534E-06;-4.76329E-07;0.002821931;0.000998647;5.19786E-05;-0.000492239;-0.000930399;4.40363E-05;-0.000567955;-0.000280934;-0.000123783;-0.000398446;-0.000582841;-4.18203E-07;-0.000239951;1.07175E-05;-2.33913E-06;0.001644808;-0.000287778;4.18635E-05;-0.000327389;0.000215783;0.060809594;-0.000199668;1.6086E-05;8.11922E-07;0.062968956;0.062903934;0.063367023;0.062936101;0.062318209;0.063047444;8.19041E-05;-3.81203E-05
35;ldhp*milieu;;;;3;-0.064405831;-2.41222E-05;-2.16848E-06;-9.32035E-08;-1.99078E-06;0.003153858;0.001064213;0.000474782;-0.000251531;-0.000470695;1.99696E-05;-0.000165648;-0.00022634;-7.19503E-06;7.66687E-05;-0.000633684;4.56304E-06;-0.000161722;-0.000685299;-7.64177E-05;0.001561897;-0.000316007;-9.03476E-05;-0.000258792;0.000355917;0.060776056;-0.000253499;-0.000274698;1.49299E-06;0.062859452;0.062835043;0.062936101;0.065773025;0.062284647;0.063197622;9.3983E-05;-9.37818E-06
36;ldhp*milieu;;;;5;-0.062734215;-3.28141E-05;1.39721E-06;-3.02349E-06;-5.4719E-07;0.002741948;0.000387225;0.000353261;-0.000506341;-0.000768334;0.000220263;-0.000318398;-6.17119E-06;4.46142E-05;6.64129E-05;-0.000179344;0.000319223;0.000161341;0.000105672;6.687E-05;0.001603982;-0.000261854;9.89391E-05;-0.000118471;2.14087E-05;0.060317018;4.35959E-05;-0.000517325;3.82107E-07;0.06231631;0.062247125;0.062318209;0.062284647;0.064165998;0.062393722;0.000103269;-2.99116E-05
37;ldhp*milieu;;;;6;-0.065910562;-3.91463E-05;4.80796E-07;-8.75834E-06;8.14199E-07;0.00354127;0.001439403;0.000407124;-4.01036E-05;-0.000255851;0.000658784;0.000135094;0.000396485;0.000270949;0.000529864;-0.000296154;0.000197041;0.000100459;-0.00247615;0.000291319;0.001810344;-0.000111513;-1.07054E-05;-0.000137923;0.000473827;0.061100261;5.05151E-05;-0.000136649;2.38251E-06;0.063048545;0.063006904;0.063047444;0.063197622;0.062393722;0.067330638;7.68133E-05;-4.02181E-06
39;ldhp*pert;INT;;;;3.05921E-05;-6.30282E-05;4.01547E-06;-6.30478E-06;1.87991E-06;-1.31761E-05;1.88828E-05;-0.00013048;-5.73077E-06;2.61034E-05;8.95867E-06;2.014E-05;8.9369E-06;2.2682E-05;5.18807E-05;4.20934E-05;-1.20295E-06;3.63133E-05;5.1963E-05;-2.68745E-05;-1.13245E-05;-5.83322E-05;-6.65803E-06;-1.88583E-05;9.15398E-06;7.74039E-05;-5.58112E-05;-2.87759E-05;-5.12681E-08;0.000108379;9.6799E-05;8.19041E-05;9.3983E-05;0.000103269;7.68133E-05;0.000689919;3.89214E-05
40;ldhp*pert;MOY;;;;0.000222962;-0.000108833;4.22781E-06;-9.52963E-06;2.17112E-06;1.5762E-05;2.09755E-05;1.55301E-05;-3.75893E-06;4.23384E-06;-1.88864E-05;-4.37543E-06;-1.17842E-05;-8.05128E-06;1.41379E-05;2.90771E-05;3.43367E-05;2.82823E-05;-3.28413E-05;1.96466E-05;-1.41217E-05;2.41502E-06;-5.9305E-06;2.08691E-05;1.38167E-05;-1.24098E-06;1.11439E-07;-9.33986E-06;3.65067E-08;-2.32202E-05;-3.02649E-05;-3.81203E-05;-9.37818E-06;-2.99116E-05;-4.02181E-06;3.89214E-05;0.000619263
